E_P		R_P		I_P		B_P		g_func		h_func
0.000000	0.000000	0.000000	0.000000	0.000000	0.000000
0.417613	0.072300	0.997735	0.000000	0.997735	0.000000
0.430696	0.071525	0.997550	0.000000	0.997550	0.000000
0.417188	0.072571	0.997261	0.000000	0.997261	0.000000
0.419122	0.071565	0.996858	0.000000	0.996858	0.000000
0.414836	0.074913	0.996331	0.000000	0.996331	0.000000
0.418467	0.071845	0.995668	0.000000	0.995668	0.000000
0.419333	0.071485	0.994854	0.000000	0.994854	0.000000
0.421843	0.070873	0.993872	0.000000	0.993872	0.000000
0.415659	0.073885	0.992702	0.000000	0.992702	0.000000
0.438852	0.074092	0.991321	0.000000	0.991321	0.000000
0.421110	0.070997	0.989706	0.000000	0.989706	0.000000
0.421242	0.070971	0.987831	0.000000	0.987831	0.000000
0.418567	0.071798	0.985669	0.000000	0.985669	0.000000
0.417979	0.072091	0.983193	0.000000	0.983193	0.000000
0.414374	0.075644	0.980373	0.000000	0.980373	0.000000
0.419440	0.071447	0.977181	0.000000	0.977181	0.000000
0.420778	0.071066	0.973588	0.000000	0.973588	0.000000
0.423185	0.070741	0.969566	0.000000	0.969566	0.000000
0.424139	0.070711	0.965091	0.000000	0.965091	0.000000
0.419312	0.071493	0.960139	0.000000	0.960139	0.000000
0.443670	0.076114	0.954690	0.000000	0.954690	0.000000
0.432934	0.072096	0.948729	0.000000	0.948729	0.000000
0.440571	0.074779	0.942245	0.000000	0.942245	0.000000
0.442367	0.075538	0.935235	0.000000	0.935235	0.000000
0.442012	0.075384	0.927700	0.000000	0.927700	0.000000
0.454032	0.081303	0.919651	0.000000	0.919651	0.000000
0.438935	0.074125	0.911107	0.000000	0.911107	0.000000
0.442389	0.075547	0.902095	0.000000	0.902095	0.000000
0.443150	0.075881	0.892652	0.000000	0.892652	0.000000
0.423561	0.070723	0.882823	0.000000	0.882823	0.000000
0.430661	0.071517	0.872665	0.000000	0.872665	0.000000
0.319622	0.056723	0.861997	0.000000	0.861997	0.000000
0.313487	0.053715	0.850771	0.000000	0.850771	0.000000
0.318886	0.056336	0.838994	0.000000	0.838994	0.000000
0.312482	0.053276	0.826677	0.000000	0.826677	0.000000
0.304050	0.050466	0.813836	0.000000	0.813836	0.000000
0.308697	0.051794	0.800491	0.000000	0.800491	0.000000
0.317249	0.055499	0.786668	0.000000	0.786668	0.000000
0.303594	0.050375	0.772396	0.000000	0.772396	0.000000
0.307308	0.051331	0.757713	0.000000	0.757713	0.000000
0.301186	0.050046	0.742657	0.000000	0.742657	0.000000
0.300140	0.050001	0.727275	0.000000	0.727275	0.000000
0.314399	0.054128	0.711618	0.000000	0.711618	0.000000
0.296837	0.050438	0.695740	0.000000	0.695740	0.000000
0.297542	0.050250	0.679701	0.000000	0.679701	0.000000
0.308064	0.051577	0.663567	0.000000	0.663567	0.000000
0.298634	0.050071	0.647405	0.000000	0.647405	0.000000
0.300700	0.050016	0.631286	0.000000	0.631286	0.000000
0.297321	0.050302	0.615285	0.000000	0.615285	0.000000
0.296353	0.050608	0.599480	0.000000	0.599480	0.000000
0.309099	0.051937	0.583949	0.000000	0.583949	0.000000
0.299262	0.050020	0.568773	0.000000	0.568773	0.000000
0.299396	0.050013	0.554032	0.000000	0.554032	0.000000
0.417761	0.072213	0.000000	0.000000	0.000000	0.000000
0.294152	0.052003	0.000000	0.000000	0.000000	0.000000
0.415725	0.073815	0.000000	0.000000	0.000000	0.000000
0.312021	0.053080	0.000000	0.000000	0.000000	0.000000
0.420100	0.071238	0.000000	0.000000	0.000000	0.000000
0.430731	0.071533	0.000000	0.000000	0.000000	0.000000
0.439567	0.074373	0.000000	0.000000	0.000000	0.000000
0.427637	0.070958	0.000000	0.000000	0.000000	0.000000
0.431916	0.071821	0.000000	0.000000	0.000000	0.000000
0.422019	0.070849	0.000000	0.000000	0.000000	0.000000
0.293169	0.053219	0.000000	0.000000	0.000000	0.000000
0.434187	0.072465	0.000000	0.000000	0.000000	0.000000
0.430076	0.071388	0.000000	0.000000	0.000000	0.000000
0.296343	0.050612	0.000000	0.000000	0.000000	0.000000
0.306217	0.051004	0.000000	0.000000	0.000000	0.000000
0.297150	0.050347	0.000000	0.000000	0.000000	0.000000
0.433472	0.072250	0.000000	0.000000	0.000000	0.000000
0.452451	0.080451	0.000000	0.000000	0.000000	0.000000
0.433546	0.072272	0.000000	0.000000	0.000000	0.000000
0.447553	0.077940	0.000000	0.000000	0.000000	0.000000
0.436783	0.073325	0.000000	0.000000	0.000000	0.000000
0.416715	0.072916	0.000000	0.000000	0.000000	0.000000
0.414476	0.075470	0.000000	0.000000	0.000000	0.000000
0.439781	0.158168	0.000000	0.000000	0.000000	0.000000
0.412643	0.087896	0.000000	0.000000	0.000000	0.000000
0.481355	0.098337	0.000000	0.000000	0.000000	0.000000
0.631137	0.221113	0.000000	0.000000	0.000000	0.000000
0.442791	0.075723	0.000000	0.000000	0.000000	0.000000
0.412942	0.090448	0.000000	0.000000	0.000000	0.000000
0.415984	0.103547	0.000000	0.000000	0.000000	0.000000
0.430488	0.071478	0.548819	0.000000	0.548819	0.000000
0.428784	0.071138	0.562369	0.000000	0.562369	0.000000
0.425337	0.070738	0.577373	0.000000	0.577373	0.000000
0.292420	0.054755	0.592755	0.000000	0.592755	0.000000
0.292023	0.056115	0.608446	0.000000	0.608446	0.000000
0.291667	0.059794	0.624369	0.000000	0.624369	0.000000
0.291791	0.062243	0.640444	0.000000	0.640444	0.000000
0.292319	0.055044	0.656597	0.000000	0.656597	0.000000
0.291704	0.058458	0.672753	0.000000	0.672753	0.000000
0.293487	0.052759	0.688843	0.000000	0.688843	0.000000
0.291706	0.058427	0.704801	0.000000	0.704801	0.000000
0.298958	0.050041	0.720565	0.000000	0.720565	0.000000
0.294475	0.051711	0.736077	0.000000	0.736077	0.000000
0.297924	0.050173	0.751285	0.000000	0.751285	0.000000
0.304411	0.050545	0.766140	0.000000	0.766140	0.000000
0.294749	0.051493	0.780600	0.000000	0.780600	0.000000
0.291971	0.056363	0.794627	0.000000	0.794627	0.000000
0.294061	0.052093	0.808188	0.000000	0.808188	0.000000
0.298724	0.050062	0.821256	0.000000	0.821256	0.000000
0.429651	0.071300	0.833899	0.000000	0.833899	0.000000
0.415086	0.074569	0.846350	0.000000	0.846350	0.000000
0.415014	0.074664	0.858516	0.000000	0.858516	0.000000
0.428867	0.071152	0.870312	0.000000	0.870312	0.000000
0.415266	0.074339	0.881667	0.000000	0.881667	0.000000
0.440961	0.074940	0.892520	0.000000	0.892520	0.000000
0.415118	0.074526	0.902824	0.000000	0.902824	0.000000
0.432313	0.071926	0.912541	0.000000	0.912541	0.000000
0.420134	0.071228	0.921647	0.000000	0.921647	0.000000
0.414545	0.075356	0.930125	0.000000	0.930125	0.000000
0.447025	0.077683	0.937972	0.000000	0.937972	0.000000
0.424602	0.070713	0.945190	0.000000	0.945190	0.000000
0.426047	0.070784	0.951790	0.000000	0.951790	0.000000
0.429148	0.071203	0.957790	0.000000	0.957790	0.000000
0.430007	0.071374	0.963212	0.000000	0.963212	0.000000
0.413928	0.076508	0.968086	0.000000	0.968086	0.000000
0.430836	0.071557	0.972441	0.000000	0.972441	0.000000
0.428949	0.071167	0.976312	0.000000	0.976312	0.000000
0.422247	0.070821	0.979733	0.000000	0.979733	0.000000
0.426168	0.070794	0.982739	0.000000	0.982739	0.000000
0.427574	0.070949	0.985368	0.000000	0.985368	0.000000
0.434358	0.072518	0.987654	0.000000	0.987654	0.000000
0.427701	0.070967	0.989630	0.000000	0.989630	0.000000
0.425972	0.070778	0.991331	0.000000	0.991331	0.000000
0.413488	0.077591	0.992786	0.000000	0.992786	0.000000
0.426258	0.070802	0.994025	0.000000	0.994025	0.000000
0.419007	0.071610	0.995074	0.000000	0.995074	0.000000
0.428735	0.071129	0.995958	0.000000	0.995958	0.000000
0.424744	0.070716	0.996698	0.000000	0.996698	0.000000
0.417941	0.072112	0.997316	0.000000	0.997316	0.000000
0.416996	0.072706	0.997828	0.000000	0.997828	0.000000
0.420626	0.071101	0.998251	0.000000	0.998251	0.000000
0.418289	0.071931	0.998598	0.000000	0.998598	0.000000
0.430178	0.071410	0.998881	0.000000	0.998881	0.000000
0.431257	0.071657	0.999112	0.000000	0.999112	0.000000
0.421956	0.070857	0.999299	0.000000	0.999299	0.000000
0.431151	0.071631	0.999449	0.000000	0.999449	0.000000
0.424545	0.070713	0.999569	0.000000	0.999569	0.000000
0.413328	0.078071	0.999665	0.000000	0.999665	0.000000
0.412518	0.086097	0.999741	0.000000	0.999741	0.000000
0.422593	0.070785	0.999801	0.000000	0.999801	0.000000
0.418008	0.072076	0.999848	0.000000	0.999848	0.000000
0.420418	0.071152	0.999885	0.000000	0.999885	0.000000
0.424475	0.070712	0.999913	0.000000	0.999913	0.000000
0.421158	0.070987	0.999935	0.000000	0.999935	0.000000
0.426839	0.070859	0.999952	0.000000	0.999952	0.000000
0.436224	0.073130	0.999965	0.000000	0.999965	0.000000
0.429651	0.071300	0.999974	0.000000	0.999974	0.000000
0.422438	0.070800	0.999981	0.000000	0.999981	0.000000
0.425162	0.070730	0.999987	0.000000	0.999987	0.000000
59.529231	10.502627	107.003833	0.000000	107.003833	0.000000
