LON		LAT		E_P		R_P		I_P		B_P		g_func		h_func
192.250000	205.750000	0.291841	0.062739	0.725927	0.000000	0.465475	53.194797
192.250000	206.250000	0.292448	0.066588	0.717094	0.000000	0.462306	53.176826
192.250000	206.750000	0.301686	0.050091	0.708178	0.000000	0.464283	53.159458
192.250000	207.250000	0.303830	0.050421	0.699191	0.000000	0.461974	53.142695
192.250000	207.750000	0.298318	0.050110	0.690144	0.000000	0.455048	53.126536
192.250000	208.250000	0.296024	0.050746	0.681052	0.000000	0.450035	53.110982
192.250000	208.750000	0.303511	0.050359	0.671930	0.000000	0.450879	53.096034
192.250000	209.250000	0.300890	0.050026	0.662797	0.000000	0.445653	53.081692
192.250000	209.750000	0.298919	0.050044	0.653673	0.000000	0.440820	53.067956
192.250000	210.250000	0.323552	0.058887	0.644578	0.000000	0.451963	53.054828
192.250000	210.750000	0.304239	0.050507	0.635534	0.000000	0.436757	53.042308
192.250000	211.250000	0.303163	0.050296	0.626566	0.000000	0.432524	53.030395
192.250000	211.750000	0.299450	0.050011	0.617698	0.000000	0.426749	53.019091
191.750000	212.250000	0.437065	0.073425	0.611408	0.000000	0.506802	53.008396
191.750000	212.750000	0.313645	0.053786	0.000000	0.000000	0.188187	52.818576
191.750000	213.250000	0.305272	0.050750	0.000000	0.000000	0.183163	52.809067
191.250000	213.750000	0.428686	0.071121	0.000000	0.000000	0.257212	52.800170
190.750000	214.250000	0.428181	0.071038	0.000000	0.000000	0.256909	52.612063
190.250000	214.750000	0.429803	0.071331	0.000000	0.000000	0.257882	52.424517
189.750000	215.250000	0.429082	0.071191	0.000000	0.000000	0.257449	52.237538
189.750000	215.750000	0.298071	0.050148	0.000000	0.000000	0.178842	52.051133
189.750000	216.250000	0.298268	0.050118	0.000000	0.000000	0.178961	52.045219
189.750000	216.750000	0.299504	0.050009	0.000000	0.000000	0.179702	52.039927
189.750000	217.250000	0.309506	0.052085	0.000000	0.000000	0.185704	52.035257
189.250000	217.750000	0.431345	0.071678	0.000000	0.000000	0.258807	52.031210
189.250000	218.250000	0.303081	0.050282	0.000000	0.000000	0.181849	51.847812
189.250000	218.750000	0.300239	0.050002	0.000000	0.000000	0.180144	51.845000
189.250000	219.250000	0.303628	0.050381	0.000000	0.000000	0.182177	51.842812
189.250000	219.750000	0.300758	0.050019	0.000000	0.000000	0.180455	51.841250
189.250000	220.250000	0.295401	0.051063	0.000000	0.000000	0.177240	51.840312
188.750000	220.750000	0.432989	0.072112	0.000000	0.000000	0.259794	51.840000
188.750000	221.250000	0.300526	0.050009	0.000000	0.000000	0.180315	51.660314
188.750000	221.750000	0.301038	0.050036	0.000000	0.000000	0.180623	51.661254
188.750000	222.250000	0.304102	0.050477	0.000000	0.000000	0.182461	51.662822
188.750000	222.750000	0.308340	0.051670	0.000000	0.000000	0.185004	51.665017
188.250000	223.250000	0.435868	0.073008	0.000000	0.000000	0.261521	51.667839
188.250000	223.750000	0.304654	0.050600	0.000000	0.000000	0.182793	51.491327
188.250000	224.250000	0.296914	0.050414	0.000000	0.000000	0.178149	51.495417
188.250000	224.750000	0.306254	0.051015	0.000000	0.000000	0.183753	51.500136
187.750000	225.250000	0.421291	0.070962	0.000000	0.000000	0.252774	51.505483
187.750000	225.750000	0.297472	0.050266	0.000000	0.000000	0.178483	51.331569
187.750000	226.250000	0.310041	0.052286	0.000000	0.000000	0.186025	51.338196
187.750000	226.750000	0.325795	0.060189	0.000000	0.000000	0.195477	51.345454
187.750000	227.250000	0.298071	0.050148	0.000000	0.000000	0.178842	51.353341
187.750000	227.750000	0.305923	0.050922	0.000000	0.000000	0.183554	51.361857
187.750000	228.250000	0.301732	0.050095	0.000000	0.000000	0.181039	51.371003
187.250000	228.750000	0.424166	0.070711	0.000000	0.000000	0.254500	51.380779
186.750000	229.250000	0.425571	0.070751	0.000000	0.000000	0.255343	51.211503
186.750000	229.750000	0.299490	0.050009	0.000000	0.000000	0.179694	51.042935
186.750000	230.250000	0.295448	0.051036	0.489633	0.000000	0.373122	51.054677
186.750000	230.750000	0.292506	0.054530	0.490252	0.000000	0.371605	51.067050
186.250000	231.250000	0.419195	0.071537	0.491883	0.000000	0.448270	51.080055
186.250000	231.750000	0.296332	0.050616	0.492335	0.000000	0.374733	50.914234
186.250000	232.250000	0.294912	0.051374	0.492870	0.000000	0.374096	50.928550
186.250000	232.750000	0.294939	0.051356	0.493478	0.000000	0.374354	50.943498
185.750000	233.250000	0.432622	0.072010	0.494668	0.000000	0.457440	50.959078
185.250000	233.750000	0.424208	0.070711	0.496263	0.000000	0.453030	50.796051
185.250000	234.250000	0.298853	0.050049	0.496399	0.000000	0.377872	50.633779
184.750000	234.750000	0.425557	0.070750	0.000000	0.000000	0.255334	50.651373
184.250000	235.250000	0.429668	0.071304	0.000000	0.000000	0.257801	50.490561
184.250000	235.750000	0.308459	0.051711	0.000000	0.000000	0.185075	50.330524
184.250000	236.250000	0.301964	0.050121	0.000000	0.000000	0.181179	50.350154
184.250000	236.750000	0.294099	0.052055	0.000000	0.000000	0.176459	50.370420
184.250000	237.250000	0.298673	0.050067	0.000000	0.000000	0.179204	50.391321
183.750000	237.750000	0.422763	0.070770	0.000000	0.000000	0.253658	50.412856
183.750000	238.250000	0.295280	0.051134	0.000000	0.000000	0.177168	50.256438
183.250000	238.750000	0.428149	0.071033	0.000000	0.000000	0.256889	50.279320
183.250000	239.250000	0.299805	0.050001	0.000000	0.000000	0.179883	50.124425
183.250000	239.750000	0.294426	0.051752	0.000000	0.000000	0.176656	50.148659
183.250000	240.250000	0.293422	0.052846	0.000000	0.000000	0.176053	50.173527
183.250000	240.750000	0.296003	0.050755	0.000000	0.000000	0.177602	50.199028
183.250000	241.250000	0.300282	0.050003	0.000000	0.000000	0.180169	50.225161
183.250000	241.750000	0.299986	0.050000	0.000000	0.000000	0.179992	50.251925
182.750000	242.250000	0.417998	0.072081	0.000000	0.000000	0.250799	50.279320
182.750000	242.750000	0.316449	0.055103	0.000000	0.000000	0.189869	50.129596
182.750000	243.250000	0.299930	0.050000	0.000000	0.000000	0.179958	50.158349
182.750000	243.750000	0.304221	0.050503	0.000000	0.000000	0.182533	50.187732
182.750000	244.250000	0.295983	0.050764	0.000000	0.000000	0.177590	50.217742
182.750000	244.750000	0.300905	0.050027	0.000000	0.000000	0.180543	50.248379
182.750000	245.250000	0.299315	0.050017	0.000000	0.000000	0.179589	50.279642
182.750000	245.750000	0.297936	0.050171	0.000000	0.000000	0.178762	50.311529
182.750000	246.250000	0.293863	0.052302	0.000000	0.000000	0.176318	50.344040
182.250000	246.750000	0.432494	0.071975	0.000000	0.000000	0.259497	50.377173
182.250000	247.250000	0.299382	0.050014	0.000000	0.000000	0.179629	50.234192
181.750000	247.750000	0.429973	0.071366	0.000000	0.000000	0.257984	50.268686
181.750000	248.250000	0.298132	0.050138	0.000000	0.000000	0.178879	50.127334
181.250000	248.750000	0.438125	0.073815	0.000000	0.000000	0.262875	50.163194
181.250000	249.250000	0.297661	0.050224	0.000000	0.000000	0.178596	50.023486
180.750000	249.750000	0.422183	0.070829	0.000000	0.000000	0.253310	50.060715
180.750000	250.250000	0.319622	0.056723	0.575206	0.000000	0.421856	49.922668
180.750000	250.750000	0.297298	0.050308	0.578148	0.000000	0.409638	49.961269
180.250000	251.250000	0.428053	0.071018	0.584403	0.000000	0.490593	50.000488
179.750000	251.750000	0.436086	0.073082	0.590521	0.000000	0.497860	49.864873
179.750000	252.250000	0.299723	0.050003	0.592635	0.000000	0.416888	49.730192
179.250000	252.750000	0.428588	0.071104	0.598092	0.000000	0.496389	49.771546
179.250000	253.250000	0.300169	0.050001	0.599563	0.000000	0.419926	49.638570
178.750000	253.750000	0.437715	0.073662	0.604167	0.000000	0.504296	49.681304
178.250000	254.250000	0.425395	0.070741	0.608297	0.000000	0.498556	49.550047
178.250000	254.750000	0.297768	0.050203	0.608525	0.000000	0.422071	49.419753
177.750000	255.250000	0.425191	0.070731	0.611597	0.000000	0.499753	49.464642
177.250000	255.750000	0.441244	0.075058	0.614110	0.000000	0.510390	49.336092
176.750000	256.250000	0.419451	0.071443	0.616059	0.000000	0.498094	49.208524
176.250000	256.750000	0.442881	0.075762	0.617458	0.000000	0.512712	49.081944
175.750000	257.250000	0.423657	0.070720	0.618334	0.000000	0.501528	48.956360
175.250000	257.750000	0.460430	0.084935	0.618729	0.000000	0.523750	48.831781
174.750000	258.250000	0.442701	0.075683	0.618698	0.000000	0.513100	48.708213
174.250000	258.750000	0.440142	0.074603	0.618307	0.000000	0.511408	48.585665
173.750000	259.250000	0.414043	0.076268	0.000000	0.000000	0.248426	48.464143
173.750000	259.750000	0.297003	0.050388	0.000000	0.000000	0.178202	48.343657
173.750000	260.250000	0.302837	0.050242	0.000000	0.000000	0.181702	48.396240
173.750000	260.750000	0.294565	0.051637	0.000000	0.000000	0.176739	48.449433
173.750000	261.250000	0.299805	0.050001	0.000000	0.000000	0.179883	48.503237
173.750000	261.750000	0.292247	0.055269	0.000000	0.000000	0.175348	48.557648
173.750000	262.250000	0.309485	0.052078	0.000000	0.000000	0.185691	48.612665
173.750000	262.750000	0.295658	0.050922	0.000000	0.000000	0.177395	48.668285
173.750000	263.250000	0.292697	0.054086	0.000000	0.000000	0.175618	48.724507
173.750000	263.750000	0.295983	0.050764	0.000000	0.000000	0.177590	48.781328
173.750000	264.250000	0.297936	0.050171	0.000000	0.000000	0.178762	48.838747
173.750000	264.750000	0.310187	0.052342	0.000000	0.000000	0.186112	48.896761
173.750000	265.250000	0.293674	0.052521	0.000000	0.000000	0.176204	48.955367
173.750000	265.750000	0.300112	0.050000	0.000000	0.000000	0.180067	49.014565
173.750000	266.250000	0.300656	0.050014	0.000000	0.000000	0.180394	49.074352
173.750000	266.750000	0.303999	0.050456	0.000000	0.000000	0.182400	49.134725
173.750000	267.250000	0.300396	0.050005	0.000000	0.000000	0.180238	49.195683
173.250000	267.750000	0.425410	0.070742	0.000000	0.000000	0.255246	49.257223
172.750000	268.250000	0.421122	0.070994	0.000000	0.000000	0.252673	49.150548
172.250000	268.750000	0.428181	0.071038	0.000000	0.000000	0.256909	49.044963
171.750000	269.250000	0.436863	0.073354	0.000000	0.000000	0.262118	48.940474
171.750000	269.750000	0.297484	0.050263	0.000000	0.000000	0.178490	48.837088
171.250000	270.250000	0.426395	0.070814	0.000000	0.000000	0.255837	48.902393
171.250000	270.750000	0.299736	0.050002	0.000000	0.000000	0.179842	48.800918
171.250000	271.250000	0.299558	0.050007	0.544714	0.000000	0.397620	48.867597
171.250000	271.750000	0.305850	0.050902	0.543667	0.000000	0.400977	48.934846
170.750000	272.250000	0.439208	0.074231	0.542826	0.000000	0.480655	49.002665
170.250000	272.750000	0.422247	0.070821	0.542296	0.000000	0.470266	48.904711
169.750000	273.250000	0.425972	0.070778	0.542076	0.000000	0.472414	48.807889
169.750000	273.750000	0.303611	0.050378	0.541107	0.000000	0.398609	48.712204
169.250000	274.250000	0.418094	0.072030	0.541098	0.000000	0.467296	48.782989
169.250000	274.750000	0.308518	0.051732	0.540226	0.000000	0.401201	48.689251
168.750000	275.250000	0.435888	0.073015	0.540377	0.000000	0.477684	48.761399
168.250000	275.750000	0.445025	0.076733	0.000000	0.000000	0.267015	48.669617
168.250000	276.250000	0.306421	0.051063	0.000000	0.000000	0.183853	48.578995
168.250000	276.750000	0.301825	0.050105	0.000000	0.000000	0.181095	48.653304
168.250000	277.250000	0.300612	0.050013	0.000000	0.000000	0.180367	48.728164
168.250000	277.750000	0.297804	0.050196	0.000000	0.000000	0.178682	48.803574
168.250000	278.250000	0.300028	0.050000	0.000000	0.000000	0.180017	48.879529
167.750000	278.750000	0.436423	0.073199	0.000000	0.000000	0.261854	48.956029
167.750000	279.250000	0.298343	0.050107	0.000000	0.000000	0.179006	48.870580
167.750000	279.750000	0.300729	0.050018	0.000000	0.000000	0.180437	48.948418
167.750000	280.250000	0.301964	0.050121	0.000000	0.000000	0.181179	49.026793
167.750000	280.750000	0.295252	0.051151	0.000000	0.000000	0.177151	49.105702
167.250000	281.250000	0.424180	0.070711	0.000000	0.000000	0.254508	49.185144
167.250000	281.750000	0.298406	0.050099	0.000000	0.000000	0.179044	49.104053
166.750000	282.250000	0.428702	0.071124	0.000000	0.000000	0.257221	49.184815
166.750000	282.750000	0.301887	0.050112	0.000000	0.000000	0.181132	49.105702
166.250000	283.250000	0.430471	0.071474	0.000000	0.000000	0.258283	49.187779
165.750000	283.750000	0.422999	0.070753	0.000000	0.000000	0.253799	49.110651
165.250000	284.250000	0.426334	0.070808	0.000000	0.000000	0.255800	49.034722
165.250000	284.750000	0.295581	0.050963	0.000000	0.000000	0.177348	48.960000
165.250000	285.250000	0.296364	0.050604	0.000000	0.000000	0.177818	49.044963
164.750000	285.750000	0.421682	0.070897	0.000000	0.000000	0.253009	49.130439
164.750000	286.250000	0.296992	0.050391	0.000000	0.000000	0.178195	49.058504
164.250000	286.750000	0.424194	0.070711	0.518493	0.000000	0.461914	49.145274
163.750000	287.250000	0.424475	0.070712	0.515435	0.000000	0.460859	49.075342
163.250000	287.750000	0.435126	0.072762	0.512134	0.000000	0.465929	49.006632
162.750000	288.250000	0.447241	0.077788	0.508552	0.000000	0.471765	48.939150
162.250000	288.750000	0.445537	0.076972	0.504649	0.000000	0.469182	48.872900
161.750000	289.250000	0.430644	0.071513	0.500388	0.000000	0.458542	48.807889
161.750000	289.750000	0.298368	0.050104	0.000000	0.000000	0.179021	48.744120
161.750000	290.250000	0.311479	0.052855	0.000000	0.000000	0.186887	48.836093
161.750000	290.750000	0.299142	0.050027	0.000000	0.000000	0.179485	48.928556
161.750000	291.250000	0.306347	0.051041	0.000000	0.000000	0.183808	49.021505
161.250000	291.750000	0.441004	0.074958	0.000000	0.000000	0.264603	49.114939
161.250000	292.250000	0.308182	0.051617	0.000000	0.000000	0.184909	49.055532
160.750000	292.750000	0.434817	0.072662	0.000000	0.000000	0.260890	49.150219
160.750000	293.250000	0.297542	0.050250	0.000000	0.000000	0.178525	49.092835
160.250000	293.750000	0.436924	0.073375	0.000000	0.000000	0.262154	49.188767
159.750000	294.250000	0.433211	0.072175	0.000000	0.000000	0.259927	49.133406
159.250000	294.750000	0.420247	0.071197	0.000000	0.000000	0.252148	49.079303
158.750000	295.250000	0.418318	0.071916	0.000000	0.000000	0.250991	49.026462
158.250000	295.750000	0.422272	0.070818	0.403951	0.000000	0.414943	48.974887
158.250000	296.250000	0.298219	0.050125	0.395496	0.000000	0.337130	48.924583
158.250000	296.750000	0.307908	0.051525	0.000000	0.000000	0.184745	49.024810
158.250000	297.250000	0.297661	0.050224	0.000000	0.000000	0.178596	49.125492
158.250000	297.750000	0.301656	0.050087	0.000000	0.000000	0.180993	49.226627
158.250000	298.250000	0.297756	0.050205	0.000000	0.000000	0.178653	49.328211
157.750000	298.750000	0.435947	0.073035	0.000000	0.000000	0.261568	49.430242
157.250000	299.250000	0.440227	0.074638	0.000000	0.000000	0.264136	49.384994
156.750000	299.750000	0.417109	0.072626	0.000000	0.000000	0.250265	49.341017
156.250000	300.250000	0.423265	0.070736	0.000000	0.000000	0.253959	49.298316
155.750000	300.750000	0.424489	0.070712	0.000000	0.000000	0.254693	49.256894
155.750000	301.250000	0.300439	0.050007	0.000000	0.000000	0.180264	49.216753
155.250000	301.750000	0.436383	0.073185	0.000000	0.000000	0.261830	49.322956
155.250000	302.250000	0.297356	0.050293	0.000000	0.000000	0.178414	49.284841
154.750000	302.750000	0.421731	0.070889	0.000000	0.000000	0.253039	49.392210
154.250000	303.250000	0.420615	0.071104	0.000000	0.000000	0.252369	49.356118
153.750000	303.750000	0.435908	0.073022	0.000000	0.000000	0.261545	49.321314
153.250000	304.250000	0.426932	0.070869	0.000000	0.000000	0.256159	49.287800
152.750000	304.750000	0.436224	0.073130	0.000000	0.000000	0.261734	49.255578
152.250000	305.250000	0.449529	0.078928	0.000000	0.000000	0.269717	49.224652
151.750000	305.750000	0.445234	0.076830	0.000000	0.000000	0.267140	49.195024
151.250000	306.250000	0.433304	0.072202	0.000000	0.000000	0.259982	49.166696
150.750000	306.750000	0.422477	0.070796	0.000000	0.000000	0.253486	49.139670
150.250000	306.750000	0.358432	0.082577	0.000000	0.000000	0.215059	49.113949
149.750000	306.750000	0.334970	0.065918	0.000000	0.000000	0.200982	48.974887
149.250000	306.750000	0.346113	0.073541	0.000000	0.000000	0.207668	48.836093
148.750000	306.750000	0.320548	0.057218	0.000000	0.000000	0.192329	48.697569
148.250000	306.750000	0.300497	0.050008	0.000000	0.000000	0.180298	48.559316
147.750000	306.750000	0.291696	0.058610	0.000000	0.000000	0.175017	48.421338
147.250000	306.750000	0.297840	0.050189	0.000000	0.000000	0.178704	48.283637
146.750000	306.750000	0.300875	0.050025	0.000000	0.000000	0.180525	48.146215
146.250000	306.750000	0.333063	0.064680	0.000000	0.000000	0.199838	48.009074
145.750000	306.750000	0.358315	0.082489	0.000000	0.000000	0.214989	47.872217
145.250000	306.750000	0.325486	0.060007	0.000000	0.000000	0.195292	47.735647
144.750000	306.750000	0.342365	0.070910	0.000000	0.000000	0.205419	47.599366
144.250000	306.750000	0.352272	0.077991	0.000000	0.000000	0.211363	47.463375
143.750000	306.750000	0.370285	0.091720	0.000000	0.000000	0.222171	47.327679
143.250000	306.750000	0.360193	0.083911	0.000000	0.000000	0.216116	47.192279
142.750000	306.750000	0.481342	0.188243	0.000000	0.000000	0.288805	47.057178
142.250000	306.750000	0.360983	0.084512	0.000000	0.000000	0.216590	46.922378
141.750000	306.750000	0.291968	0.056376	0.000000	0.000000	0.175181	46.787883
141.250000	306.750000	0.338187	0.068055	0.000000	0.000000	0.202912	46.653694
140.750000	306.750000	0.297298	0.050308	0.000000	0.000000	0.178379	46.519815
140.250000	306.750000	0.336116	0.066672	0.000000	0.000000	0.201669	46.386248
139.750000	306.750000	0.346396	0.073742	0.000000	0.000000	0.207838	46.252996
139.250000	306.750000	0.329196	0.062243	0.000000	0.000000	0.197518	46.120061
138.750000	306.750000	0.320965	0.057444	0.000000	0.000000	0.192579	45.987446
138.250000	306.750000	0.332324	0.064206	0.000000	0.000000	0.199394	45.855155
137.750000	306.750000	0.312372	0.053228	0.000000	0.000000	0.187423	45.723189
137.250000	306.750000	0.334560	0.065650	0.000000	0.000000	0.200736	45.591552
136.750000	306.750000	0.329610	0.062499	0.000000	0.000000	0.197766	45.460246
136.250000	306.750000	0.311050	0.052681	0.000000	0.000000	0.186630	45.329275
135.750000	306.750000	0.315827	0.054801	0.000000	0.000000	0.189496	45.198642
135.250000	306.750000	0.335478	0.066251	0.000000	0.000000	0.201287	45.068348
134.750000	306.750000	0.355165	0.080129	0.000000	0.000000	0.213099	44.938398
134.250000	306.750000	0.322580	0.058337	0.000000	0.000000	0.193548	44.808794
133.750000	306.750000	0.328229	0.061649	0.000000	0.000000	0.196938	44.679539
133.250000	306.750000	0.376223	0.096433	0.000000	0.000000	0.225734	44.550636
132.750000	306.750000	0.335034	0.065960	0.000000	0.000000	0.201020	44.422089
132.250000	306.750000	0.404064	0.119441	0.000000	0.000000	0.242438	44.293900
131.750000	306.750000	0.369531	0.091127	0.000000	0.000000	0.221718	44.166073
131.250000	306.750000	0.363498	0.086438	0.000000	0.000000	0.218099	44.038610
130.750000	306.750000	0.386257	0.104567	0.000000	0.000000	0.231754	43.911516
130.250000	306.750000	0.362575	0.085729	0.000000	0.000000	0.217545	43.784792
129.750000	307.250000	0.518341	0.125549	0.224977	0.000000	0.400995	43.658442
129.250000	307.750000	0.480821	0.097972	0.227908	0.000000	0.379656	43.661411
128.750000	308.250000	0.510202	0.119285	0.000000	0.000000	0.306121	43.665863
128.250000	308.250000	0.362056	0.085331	0.000000	0.000000	0.217233	43.671799
127.750000	308.250000	0.366178	0.088509	0.000000	0.000000	0.219707	43.548098
127.250000	308.750000	0.509334	0.118625	0.000000	0.000000	0.305600	43.424790
126.750000	308.750000	0.384708	0.103299	0.000000	0.000000	0.230825	43.433743
126.250000	308.750000	0.399701	0.115751	0.000000	0.000000	0.239821	43.311606
125.750000	308.750000	0.353879	0.079175	0.000000	0.000000	0.212328	43.189874
125.250000	308.750000	0.358315	0.082489	0.000000	0.000000	0.214989	43.068550
124.750000	308.750000	0.364144	0.086935	0.000000	0.000000	0.218486	42.947638
124.250000	308.750000	0.397236	0.113679	0.000000	0.000000	0.238342	42.827141
123.750000	308.750000	0.371888	0.092984	0.000000	0.000000	0.223133	42.707063
123.250000	308.750000	0.371380	0.092583	0.000000	0.000000	0.222828	42.587407
122.750000	309.250000	0.519493	0.126446	0.000000	0.000000	0.311696	42.468176
122.250000	309.250000	0.416004	0.129675	0.000000	0.000000	0.249603	42.484957
121.750000	309.750000	0.521024	0.127642	0.000000	0.000000	0.312615	42.366968
121.250000	310.250000	0.570551	0.168168	0.000000	0.000000	0.342331	42.386083
120.750000	310.750000	0.588806	0.183809	0.000000	0.000000	0.353284	42.406716
120.250000	310.750000	0.633422	0.333916	0.000000	0.000000	0.380053	42.428868
119.750000	310.750000	0.474162	0.181640	0.000000	0.000000	0.284497	42.313785
119.250000	310.750000	0.409209	0.123828	0.000000	0.000000	0.245526	42.199156
118.750000	310.750000	0.393090	0.110214	0.000000	0.000000	0.235854	42.084985
118.250000	310.750000	0.368988	0.090701	0.000000	0.000000	0.221393	41.971276
117.750000	310.250000	0.466530	0.088629	0.310439	0.000000	0.404094	41.858031
117.250000	309.750000	0.489081	0.103722	0.310591	0.000000	0.417685	41.604928
116.750000	309.750000	0.393468	0.110529	0.312403	0.000000	0.361042	41.351842
116.250000	309.750000	0.353129	0.078622	0.313995	0.000000	0.337476	41.239253
115.750000	309.250000	0.455456	0.082088	0.314789	0.000000	0.399190	41.127144
115.250000	308.750000	0.442948	0.075792	0.316385	0.000000	0.392323	40.874271
114.750000	308.750000	0.362375	0.085576	0.317172	0.000000	0.344294	40.621418
114.250000	308.250000	0.417724	0.072234	0.319027	0.000000	0.378245	40.509999
113.750000	308.250000	0.315120	0.054464	0.319169	0.000000	0.316739	40.257273
113.250000	307.750000	0.445841	0.077116	0.321010	0.000000	0.395909	40.146457
112.750000	307.750000	0.389252	0.107032	0.320468	0.000000	0.361738	39.893864
112.250000	307.250000	0.472295	0.092294	0.322068	0.000000	0.412204	39.783665
111.750000	307.250000	0.308025	0.051564	0.320845	0.000000	0.313153	39.531213
111.250000	306.750000	0.419778	0.071335	0.322032	0.000000	0.380679	39.421644
110.750000	306.250000	0.429399	0.071251	0.323157	0.000000	0.386902	39.169340
110.250000	305.750000	0.419690	0.071363	0.324123	0.000000	0.381463	38.917066
109.750000	305.250000	0.445982	0.077182	0.324854	0.000000	0.397531	38.664821
109.250000	305.250000	0.346113	0.073541	0.321658	0.000000	0.336331	38.412607
108.750000	304.750000	0.452169	0.080301	0.321695	0.000000	0.399980	38.304068
108.250000	304.250000	0.480654	0.097859	0.321442	0.000000	0.416969	38.052017
107.750000	303.750000	0.480189	0.097542	0.320893	0.000000	0.416470	37.800000
107.250000	303.250000	0.463017	0.086477	0.320066	0.000000	0.405837	37.548017
106.750000	302.750000	0.469514	0.090507	0.318998	0.000000	0.409308	37.296069
106.250000	302.250000	0.544566	0.146501	0.317748	0.000000	0.453839	37.044157
105.750000	301.750000	0.486220	0.101705	0.316392	0.000000	0.418288	36.792282
105.250000	301.250000	0.454504	0.081562	0.315023	0.000000	0.398712	36.540443
104.750000	300.750000	0.440636	0.074805	0.313748	0.000000	0.389881	36.288643
104.250000	300.250000	0.428834	0.071146	0.312682	0.000000	0.382373	36.036881
103.750000	299.750000	0.450174	0.079258	0.311947	0.000000	0.394883	35.785159
103.250000	299.250000	0.488203	0.103100	0.311667	0.000000	0.417589	35.533477
102.750000	298.750000	0.489928	0.104323	0.311965	0.000000	0.418743	35.281837
102.250000	298.250000	0.418017	0.072070	0.312957	0.000000	0.375993	35.030238
101.750000	297.750000	0.414053	0.076247	0.314749	0.000000	0.374331	34.778683
101.250000	297.250000	0.417421	0.072419	0.000000	0.000000	0.250452	34.527172
100.750000	297.250000	0.371592	0.092750	0.000000	0.000000	0.222955	34.275706
100.250000	297.250000	0.515028	0.219643	0.000000	0.000000	0.309017	34.170145
99.750000	297.250000	0.465123	0.173376	0.000000	0.000000	0.279074	34.065208
99.250000	297.250000	0.451288	0.160847	0.000000	0.000000	0.270773	33.960901
98.750000	297.250000	0.462982	0.171428	0.000000	0.000000	0.277789	33.857230
98.250000	297.250000	0.466019	0.174192	0.000000	0.000000	0.279611	33.754200
97.750000	296.750000	0.529435	0.134281	0.000000	0.000000	0.317661	33.651817
97.250000	296.750000	0.413430	0.127453	0.000000	0.000000	0.248058	33.401521
96.750000	296.750000	0.518268	0.222695	0.000000	0.000000	0.310961	33.300000
96.250000	296.750000	0.474101	0.181584	0.000000	0.000000	0.284461	33.199145
95.750000	296.250000	0.508352	0.117880	0.000000	0.000000	0.305011	33.098961
95.250000	296.250000	0.474101	0.181584	0.000000	0.000000	0.284461	32.849384
94.750000	296.250000	0.505092	0.210315	0.000000	0.000000	0.303055	32.750108
94.250000	296.250000	0.568263	0.270394	0.351145	0.000000	0.481416	32.651524
93.750000	296.250000	0.473675	0.181193	0.353946	0.000000	0.425784	32.553636
93.250000	296.250000	0.402880	0.118437	0.356522	0.000000	0.384337	32.456451
92.750000	296.250000	0.399604	0.115669	0.358806	0.000000	0.383285	32.359975
92.250000	295.750000	0.541715	0.144174	0.365066	0.000000	0.471055	32.264215
91.750000	295.750000	0.444722	0.154955	0.366350	0.000000	0.413373	32.016227
91.250000	295.250000	0.616131	0.207743	0.371639	0.000000	0.518334	31.921466
90.750000	294.750000	0.580099	0.176310	0.376485	0.000000	0.498654	31.673863
90.250000	294.250000	0.568878	0.166750	0.380779	0.000000	0.493638	31.426371
89.750000	293.750000	0.555922	0.155874	0.384416	0.000000	0.487320	31.178993
89.250000	293.250000	0.539250	0.142170	0.387301	0.000000	0.478470	30.931731
88.750000	292.750000	0.463798	0.086949	0.389355	0.000000	0.434020	30.684589
88.250000	292.250000	0.448815	0.078567	0.390506	0.000000	0.425492	30.437569
87.750000	291.750000	0.426032	0.070783	0.390705	0.000000	0.411901	30.190674
87.250000	291.250000	0.431629	0.071749	0.389918	0.000000	0.414945	29.943908
86.750000	290.750000	0.450775	0.079569	0.388131	0.000000	0.425717	29.697273
86.250000	290.250000	0.425749	0.070762	0.385351	0.000000	0.409590	29.450772
85.750000	289.750000	0.445257	0.076841	0.381608	0.000000	0.419797	29.204411
85.250000	289.250000	0.443534	0.076052	0.376948	0.000000	0.416900	28.958191
84.750000	288.750000	0.434817	0.072662	0.371440	0.000000	0.409466	28.712116
84.250000	288.250000	0.439864	0.074491	0.365173	0.000000	0.409988	28.466190
83.750000	287.750000	0.430905	0.071573	0.358252	0.000000	0.401844	28.220418
83.250000	287.250000	0.447217	0.077776	0.350799	0.000000	0.408650	27.974803
82.750000	286.750000	0.461531	0.085586	0.342950	0.000000	0.414098	27.729349
82.250000	286.250000	0.440142	0.074603	0.334851	0.000000	0.398025	27.484061
81.750000	285.750000	0.456634	0.082747	0.326657	0.000000	0.404644	27.238943
81.250000	285.250000	0.440961	0.074940	0.000000	0.000000	0.264576	26.993999
80.750000	284.750000	0.419877	0.071304	0.000000	0.000000	0.251926	26.749236
80.250000	284.250000	0.439292	0.074264	0.000000	0.000000	0.263575	26.504656
79.750000	283.750000	0.412530	0.082702	0.000000	0.000000	0.247518	26.260267
79.250000	283.250000	0.414032	0.076289	0.000000	0.000000	0.248419	26.016072
78.750000	282.750000	0.413058	0.079041	0.000000	0.000000	0.247835	25.772078
78.250000	282.250000	0.413164	0.078629	0.000000	0.000000	0.247899	25.528290
77.750000	281.750000	0.412781	0.080410	0.000000	0.000000	0.247669	25.284715
77.250000	281.250000	0.416251	0.073304	0.000000	0.000000	0.249750	25.041358
76.750000	280.750000	0.426501	0.070824	0.000000	0.000000	0.255901	24.798226
76.250000	280.250000	0.416615	0.072995	0.000000	0.000000	0.249969	24.555325
75.750000	279.750000	0.417771	0.072207	0.000000	0.000000	0.250662	24.312663
75.250000	279.250000	0.421050	0.071008	0.000000	0.000000	0.252630	24.070247
74.750000	278.750000	0.420395	0.071158	0.000000	0.000000	0.252237	23.828084
74.250000	278.250000	0.415873	0.073662	0.000000	0.000000	0.249524	23.586182
73.750000	277.750000	0.421003	0.071018	0.000000	0.000000	0.252602	23.344550
73.250000	277.250000	0.434856	0.072675	0.000000	0.000000	0.260913	23.103195
72.750000	276.750000	0.431028	0.071602	0.000000	0.000000	0.258617	22.862126
72.250000	276.250000	0.415843	0.073693	0.000000	0.000000	0.249506	22.621353
71.750000	275.750000	0.449801	0.079067	0.000000	0.000000	0.269881	22.380885
71.250000	275.250000	0.424278	0.070711	0.000000	0.000000	0.254567	22.140732
70.750000	274.750000	0.416298	0.073261	0.000000	0.000000	0.249779	21.900904
70.250000	274.250000	0.441968	0.075365	0.000000	0.000000	0.265181	21.661413
69.750000	273.750000	0.514677	0.122713	0.000000	0.000000	0.308806	21.422269
69.250000	273.250000	0.495691	0.108471	0.371874	0.000000	0.446164	21.183484
68.750000	272.750000	0.527081	0.132412	0.379779	0.000000	0.468160	20.945071
68.250000	272.250000	0.480988	0.098086	0.386764	0.000000	0.443298	20.707042
67.750000	271.750000	0.541086	0.143661	0.392647	0.000000	0.481710	20.469411
67.250000	271.250000	0.538225	0.141340	0.397260	0.000000	0.481839	20.232192
66.750000	270.750000	0.501991	0.113106	0.400458	0.000000	0.461378	19.995399
66.250000	270.250000	0.504204	0.114756	0.402117	0.000000	0.463369	19.759049
65.750000	269.750000	0.514677	0.122713	0.402142	0.000000	0.469663	19.523155
65.250000	269.250000	0.483921	0.100104	0.400465	0.000000	0.450538	19.287737
64.750000	268.750000	0.478966	0.096714	0.397046	0.000000	0.446198	19.052811
64.250000	268.250000	0.471765	0.091950	0.391878	0.000000	0.439810	18.818395
63.750000	267.750000	0.525976	0.131537	0.384985	0.000000	0.469580	18.584510
63.250000	267.250000	0.564390	0.162962	0.376421	0.000000	0.489203	18.351174
62.750000	266.750000	0.506675	0.116612	0.366269	0.000000	0.450512	18.118411
62.250000	266.250000	0.569124	0.166958	0.354642	0.000000	0.483331	17.886241
61.750000	265.750000	0.522399	0.128719	0.341675	0.000000	0.450110	17.654688
61.250000	265.250000	0.514112	0.122279	0.327531	0.000000	0.439480	17.423777
60.750000	264.750000	0.503935	0.114555	0.000000	0.000000	0.302361	17.193534
60.250000	264.250000	0.480421	0.097700	0.000000	0.000000	0.288253	16.963985
59.750000	263.750000	0.496572	0.109113	0.000000	0.000000	0.297943	16.735161
59.250000	263.250000	0.485736	0.101367	0.000000	0.000000	0.291442	16.507089
58.750000	262.750000	0.513228	0.121599	0.000000	0.000000	0.307937	16.279803
58.750000	262.250000	0.318786	0.056284	0.000000	0.000000	0.191271	16.053336
58.750000	261.750000	0.299778	0.050002	0.000000	0.000000	0.179867	15.881876
58.250000	261.250000	0.615085	0.206817	0.000000	0.000000	0.369051	15.710608
58.250000	260.750000	0.302073	0.050134	0.000000	0.000000	0.181244	15.484185
57.750000	260.250000	0.561591	0.160611	0.000000	0.000000	0.336955	15.312701
57.250000	259.750000	0.520071	0.126897	0.000000	0.000000	0.312043	15.086749
56.750000	259.250000	0.451330	0.079858	0.000000	0.000000	0.270798	14.861723
56.250000	258.750000	0.509334	0.118625	0.000000	0.000000	0.305600	14.637664
55.750000	258.250000	0.471423	0.091730	0.000000	0.000000	0.282854	14.414618
55.250000	257.750000	0.534560	0.138383	0.000000	0.000000	0.320736	14.192632
54.750000	257.250000	0.426168	0.070794	0.000000	0.000000	0.255701	13.971757
54.250000	256.750000	0.440399	0.074708	0.000000	0.000000	0.264239	13.752047
53.750000	256.250000	0.430958	0.071585	0.000000	0.000000	0.258575	13.533558
53.250000	255.750000	0.428702	0.071124	0.000000	0.000000	0.257221	13.316351
52.750000	255.250000	0.413776	0.076852	0.000000	0.000000	0.248265	13.100489
52.250000	254.750000	0.468511	0.089870	0.000000	0.000000	0.281106	12.886039
51.750000	254.250000	0.437166	0.073462	0.000000	0.000000	0.262299	12.673074
51.250000	253.750000	0.484057	0.100198	0.000000	0.000000	0.290434	12.461669
50.750000	253.250000	0.486358	0.101802	0.000000	0.000000	0.291815	12.251906
50.250000	252.750000	0.476813	0.095267	0.000000	0.000000	0.286088	12.043870
49.750000	252.250000	0.552961	0.153415	0.000000	0.000000	0.331777	11.837652
49.250000	251.750000	0.507687	0.117377	0.000000	0.000000	0.304612	11.633349
48.750000	251.250000	0.502371	0.113388	0.000000	0.000000	0.301422	11.431063
48.250000	250.750000	0.572630	0.169933	0.000000	0.000000	0.343578	11.230904
47.750000	250.250000	0.475268	0.094241	0.000000	0.000000	0.285161	11.032987
47.250000	249.750000	0.491350	0.105338	0.000000	0.000000	0.294810	10.837435
47.250000	249.250000	0.313329	0.053645	0.000000	0.000000	0.187997	10.644379
46.750000	248.750000	0.504818	0.115217	0.000000	0.000000	0.302891	10.464798
46.750000	248.250000	0.346078	0.073516	0.000000	0.000000	0.207647	10.274201
46.250000	247.750000	0.481355	0.098337	0.000000	0.000000	0.288813	10.094454
45.750000	247.250000	0.434606	0.072595	0.000000	0.000000	0.260764	9.906543
45.750000	246.750000	0.335796	0.066461	0.000000	0.000000	0.201478	9.721667
45.750000	246.250000	0.321463	0.057717	0.000000	0.000000	0.192878	9.541698
45.750000	245.750000	0.337340	0.067486	0.000000	0.000000	0.202404	9.361731
45.750000	245.250000	0.306852	0.051190	0.000000	0.000000	0.184111	9.181765
45.750000	244.750000	0.319903	0.056872	0.000000	0.000000	0.191942	9.001800
45.750000	244.250000	0.310944	0.052639	0.000000	0.000000	0.186566	8.821837
45.750000	243.750000	0.294499	0.051691	0.000000	0.000000	0.176699	8.641875
45.750000	243.250000	0.298958	0.050041	0.000000	0.000000	0.179375	8.461915
45.750000	242.750000	0.301778	0.050100	0.000000	0.000000	0.181067	8.281956
45.750000	242.250000	0.295696	0.050902	0.000000	0.000000	0.177418	8.102000
45.250000	241.750000	0.515000	0.122962	0.000000	0.000000	0.309000	7.922045
44.750000	241.250000	0.440550	0.074770	0.000000	0.000000	0.264330	7.740000
44.750000	240.750000	0.301067	0.050038	0.000000	0.000000	0.180640	7.562143
44.750000	240.250000	0.400139	0.116120	0.000000	0.000000	0.240083	7.382195
44.750000	239.750000	0.367164	0.089276	0.000000	0.000000	0.220299	7.202250
44.750000	239.250000	0.303561	0.050369	0.000000	0.000000	0.182137	7.022307
44.750000	238.750000	0.313329	0.053645	0.000000	0.000000	0.187997	6.842368
44.750000	238.250000	0.373935	0.094607	0.000000	0.000000	0.224361	6.662432
44.250000	237.750000	0.530728	0.135313	0.000000	0.000000	0.318437	6.482500
43.750000	237.250000	0.453303	0.080908	0.000000	0.000000	0.271982	6.310277
43.250000	236.750000	0.485461	0.101175	0.000000	0.000000	0.291276	6.143777
43.250000	236.250000	0.293928	0.052231	0.000000	0.000000	0.176357	5.983477
43.250000	235.750000	0.310859	0.052605	0.000000	0.000000	0.186516	5.804826
43.250000	235.250000	0.337470	0.067573	0.000000	0.000000	0.202482	5.626260
43.250000	234.750000	0.293076	0.053371	0.259797	0.000000	0.279764	5.447789
43.250000	234.250000	0.300042	0.050000	0.274379	0.000000	0.289777	5.269421
43.250000	233.750000	0.292565	0.054387	0.289708	0.000000	0.291422	5.091169
43.250000	233.250000	0.293958	0.052200	0.305749	0.000000	0.298674	4.913044
43.250000	232.750000	0.295713	0.077991	0.322461	0.000000	0.306412	4.735061
43.250000	232.250000	0.299558	0.050007	0.339800	0.000000	0.315655	4.557236
43.250000	231.750000	0.293284	0.053043	0.357715	0.000000	0.319056	4.379589
43.250000	231.250000	0.293639	0.071481	0.376156	0.000000	0.326646	4.202142
43.250000	230.750000	0.299248	0.050021	0.395065	0.000000	0.337575	4.024922
43.250000	230.250000	0.295523	0.077448	0.414382	0.000000	0.343066	3.847960
43.250000	229.750000	0.294175	0.073316	0.434047	0.000000	0.350124	3.671294
43.250000	229.250000	0.306516	0.103002	0.453995	0.000000	0.365507	3.494968
43.250000	228.750000	0.300657	0.090408	0.474162	0.000000	0.370059	3.319036
43.250000	228.250000	0.295095	0.076193	0.494483	0.000000	0.374850	3.143565
43.250000	227.750000	0.314441	0.118437	0.514890	0.000000	0.394621	2.968636
43.250000	227.250000	0.296176	0.079287	0.535320	0.000000	0.391834	2.794351
43.250000	226.750000	0.293782	0.071988	0.555706	0.000000	0.398552	2.620840
43.250000	226.250000	0.295166	0.076404	0.575988	0.000000	0.407495	2.448265
43.250000	225.750000	0.291780	0.057587	0.596103	0.000000	0.413509	2.276840
43.250000	225.250000	0.328628	0.143794	0.615994	0.000000	0.443574	2.106846
43.250000	224.750000	0.298425	0.085118	0.635605	0.000000	0.433297	1.938659
43.250000	224.250000	0.334960	0.154550	0.654881	0.000000	0.462928	1.772794
43.250000	223.750000	0.315046	0.119567	0.673774	0.000000	0.458537	1.609969
43.250000	223.250000	0.301441	0.092183	0.692237	0.000000	0.457759	1.451206
43.250000	222.750000	0.315499	0.120410	0.710229	0.000000	0.473391	1.297998
43.250000	222.250000	0.295042	0.076034	0.727712	0.000000	0.468110	1.152562
43.750000	221.750000	0.484109	0.235823	0.753052	0.000000	0.591687	1.018234
44.250000	221.250000	0.475468	0.221521	0.777020	0.000000	0.596089	0.763675
44.750000	220.750000	0.482469	0.233128	0.799550	0.000000	0.609301	0.509117
45.250000	220.250000	0.509153	0.276005	0.820602	0.000000	0.633733	0.254558
0.000000	0.000000	183.727229	38.495329	76.222544	0.000000	140.725355	17289.566317
