LON		LAT		E_P		R_P		I_P		B_P		g_func		h_func
191.750000	205.750000	0.428620	0.071110	0.731091	0.000000	0.428620	88.657995
191.250000	206.250000	0.437756	0.073677	0.727478	0.000000	0.437756	88.329497
190.750000	206.750000	0.430454	0.071470	0.723849	0.000000	0.430454	88.001818
190.250000	207.250000	0.439694	0.074423	0.720232	0.000000	0.439694	87.674968
189.750000	207.250000	0.305506	0.050810	0.726297	0.000000	0.305506	87.348955
189.250000	207.250000	0.304550	0.050576	0.732659	0.000000	0.304550	87.050158
188.750000	207.250000	0.320186	0.057024	0.739302	0.000000	0.320186	86.751369
188.250000	207.250000	0.299723	0.050003	0.746206	0.000000	0.299723	86.452588
187.750000	207.750000	0.432971	0.072107	0.743716	0.000000	0.432971	86.153816
187.250000	207.750000	0.305524	0.050815	0.751143	0.000000	0.305524	85.828317
186.750000	207.750000	0.302120	0.050140	0.758786	0.000000	0.302120	85.529469
186.250000	207.750000	0.314654	0.054246	0.766619	0.000000	0.314654	85.230628
185.750000	207.750000	0.306477	0.051079	0.774614	0.000000	0.306477	84.931796
185.250000	207.750000	0.311716	0.052953	0.782741	0.000000	0.311716	84.632972
184.750000	207.750000	0.303796	0.050414	0.790971	0.000000	0.303796	84.334157
184.250000	207.750000	0.315637	0.054710	0.799272	0.000000	0.315637	84.035350
183.750000	207.750000	0.302805	0.050237	0.807616	0.000000	0.302805	83.736551
183.250000	207.750000	0.313104	0.053546	0.815973	0.000000	0.313104	83.437761
182.750000	207.750000	0.304794	0.050633	0.824311	0.000000	0.304794	83.138980
182.250000	207.750000	0.301671	0.050089	0.832605	0.000000	0.301671	82.840208
181.750000	208.250000	0.432096	0.071868	0.833177	0.000000	0.432096	82.541444
181.250000	208.750000	0.433715	0.072322	0.834035	0.000000	0.433715	82.215874
180.750000	208.750000	0.304953	0.050671	0.842611	0.000000	0.304953	81.891208
180.250000	208.750000	0.301306	0.050055	0.851051	0.000000	0.301306	81.592279
179.750000	208.750000	0.311955	0.053053	0.859331	0.000000	0.311955	81.293358
179.250000	208.750000	0.304777	0.050629	0.867428	0.000000	0.304777	80.994444
178.750000	208.750000	0.306254	0.051015	0.875320	0.000000	0.306254	80.695539
178.250000	208.750000	0.300296	0.050003	0.882989	0.000000	0.300296	80.396642
177.750000	208.750000	0.302918	0.050255	0.890419	0.000000	0.302918	80.097753
177.250000	208.750000	0.313713	0.053816	0.897594	0.000000	0.313713	79.798872
176.750000	208.750000	0.306645	0.051128	0.904500	0.000000	0.306645	79.500000
176.250000	208.750000	0.309547	0.052100	0.911129	0.000000	0.309547	79.201136
175.750000	208.750000	0.306514	0.051090	0.917473	0.000000	0.306514	78.902281
175.250000	208.750000	0.309221	0.051981	0.923524	0.000000	0.309221	78.603435
174.750000	208.750000	0.321332	0.057645	0.929280	0.000000	0.321332	78.304598
174.250000	208.750000	0.303180	0.050299	0.934739	0.000000	0.303180	78.005769
173.750000	208.750000	0.299222	0.050022	0.939900	0.000000	0.299222	77.706949
173.250000	208.750000	0.306384	0.051052	0.944766	0.000000	0.306384	77.408139
172.750000	208.750000	0.297253	0.050319	0.949337	0.000000	0.297253	77.109338
172.250000	208.750000	0.305941	0.050927	0.953619	0.000000	0.305941	76.810546
171.750000	208.750000	0.303196	0.050302	0.957615	0.000000	0.303196	76.511764
171.250000	208.750000	0.299819	0.050001	0.961335	0.000000	0.299819	76.212991
170.750000	208.750000	0.299847	0.050001	0.964786	0.000000	0.299847	75.914228
170.250000	208.750000	0.300743	0.050019	0.967973	0.000000	0.300743	75.615475
169.750000	208.750000	0.303428	0.050344	0.970907	0.000000	0.303428	75.316731
169.250000	208.750000	0.303361	0.050331	0.973594	0.000000	0.303361	75.017998
168.750000	209.250000	0.431310	0.071669	0.974647	0.000000	0.431310	74.719275
168.250000	209.250000	0.299235	0.050021	0.977002	0.000000	0.299235	74.393346
167.750000	209.250000	0.313464	0.053705	0.979127	0.000000	0.313464	74.094534
167.250000	209.250000	0.306310	0.051031	0.981030	0.000000	0.306310	73.795732
166.750000	209.250000	0.303163	0.050296	0.982718	0.000000	0.303163	73.496939
166.250000	209.250000	0.311522	0.052873	0.984199	0.000000	0.311522	73.198156
165.750000	209.250000	0.299681	0.050004	0.985480	0.000000	0.299681	72.899383
165.250000	209.250000	0.301840	0.050107	0.986567	0.000000	0.301840	72.600620
164.750000	209.250000	0.303065	0.050279	0.987463	0.000000	0.303065	72.301867
164.250000	209.250000	0.300714	0.050017	0.988177	0.000000	0.300714	72.003125
163.750000	209.250000	0.305488	0.050805	0.988708	0.000000	0.305488	71.704393
163.250000	209.750000	0.417567	0.072328	0.988708	0.000000	0.417567	71.405672
162.750000	209.750000	0.299599	0.050006	0.988942	0.000000	0.299599	71.079744
162.250000	209.750000	0.296903	0.050418	0.988990	0.000000	0.296903	70.780930
161.750000	209.750000	0.296395	0.050592	0.988850	0.000000	0.296395	70.482125
161.250000	209.750000	0.300211	0.050002	0.988519	0.000000	0.300211	70.183331
160.750000	209.750000	0.303328	0.050325	0.987992	0.000000	0.303328	69.884548
160.250000	209.750000	0.300802	0.050021	0.987263	0.000000	0.300802	69.585774
159.750000	209.750000	0.294167	0.051988	0.986325	0.000000	0.294167	69.287012
159.250000	209.750000	0.310522	0.052471	0.985168	0.000000	0.310522	68.988260
158.750000	209.750000	0.303678	0.050391	0.983783	0.000000	0.303678	68.689519
158.250000	209.750000	0.295853	0.050824	0.982159	0.000000	0.295853	68.390789
157.750000	209.750000	0.301902	0.050114	0.980281	0.000000	0.301902	68.092070
157.250000	210.250000	0.425439	0.070743	0.978522	0.000000	0.425439	67.793363
156.750000	210.750000	0.433997	0.072407	0.976662	0.000000	0.433997	67.467325
156.250000	210.750000	0.298393	0.050100	0.974100	0.000000	0.298393	67.142386
155.750000	210.750000	0.296533	0.050541	0.971236	0.000000	0.296533	66.843474
155.250000	210.750000	0.304085	0.050474	0.968054	0.000000	0.304085	66.544572
154.750000	210.750000	0.301840	0.050107	0.964539	0.000000	0.301840	66.245679
154.250000	210.750000	0.297578	0.050242	0.960673	0.000000	0.297578	65.946797
153.750000	210.750000	0.298919	0.050044	0.956440	0.000000	0.298919	65.647925
153.250000	210.750000	0.301157	0.050044	0.951822	0.000000	0.301157	65.349063
152.750000	211.250000	0.416961	0.072731	0.948245	0.000000	0.416961	65.050211
152.250000	211.250000	0.299875	0.050001	0.942968	0.000000	0.299875	64.725652
151.750000	211.250000	0.298256	0.050119	0.937271	0.000000	0.298256	64.426703
151.250000	211.250000	0.301840	0.050107	0.931142	0.000000	0.301840	64.127763
150.750000	211.250000	0.298815	0.050053	0.924569	0.000000	0.298815	63.828834
150.250000	211.250000	0.305183	0.050728	0.917543	0.000000	0.305183	63.529914
149.750000	211.250000	0.303511	0.050359	0.910057	0.000000	0.303511	63.231005
149.250000	211.250000	0.299063	0.050033	0.902105	0.000000	0.299063	62.932106
148.750000	211.250000	0.306514	0.051090	0.893685	0.000000	0.306514	62.633218
148.250000	211.750000	0.428441	0.071080	0.888250	0.000000	0.428441	62.334340
147.750000	211.750000	0.303779	0.050411	0.879181	0.000000	0.303779	62.010080
147.250000	211.750000	0.302612	0.050207	0.869671	0.000000	0.302612	61.711101
146.750000	211.750000	0.316065	0.054916	0.859728	0.000000	0.316065	61.412132
146.250000	211.750000	0.313849	0.053878	0.849369	0.000000	0.313849	61.113174
145.750000	211.750000	0.315566	0.054676	0.838611	0.000000	0.315566	60.814225
145.250000	211.750000	0.308064	0.051577	0.827476	0.000000	0.308064	60.515287
144.750000	212.250000	0.439124	0.074198	0.821936	0.000000	0.439124	60.216360
144.250000	212.250000	0.302564	0.050200	0.810517	0.000000	0.302564	59.892654
143.750000	212.250000	0.302058	0.050132	0.798823	0.000000	0.302058	59.593624
143.250000	212.750000	0.441287	0.075076	0.794250	0.000000	0.441287	59.294603
142.750000	213.250000	0.431081	0.071614	0.790526	0.000000	0.431081	58.971942
142.250000	213.250000	0.311738	0.052962	0.779117	0.000000	0.311738	58.650575
141.750000	213.250000	0.306236	0.051009	0.767615	0.000000	0.306236	58.351350
141.250000	213.750000	0.432258	0.071911	0.765558	0.000000	0.432258	58.052132
140.750000	213.750000	0.305183	0.050728	0.754472	0.000000	0.305183	57.731880
140.250000	213.750000	0.312306	0.053200	0.743443	0.000000	0.312306	57.432569
139.750000	213.750000	0.307308	0.051331	0.732527	0.000000	0.307308	57.133265
139.250000	213.750000	0.298840	0.050051	0.721776	0.000000	0.298840	56.833969
138.750000	213.750000	0.300411	0.050006	0.711248	0.000000	0.300411	56.534680
138.250000	213.750000	0.298494	0.050087	0.701000	0.000000	0.298494	56.235398
137.750000	213.750000	0.305452	0.050796	0.691087	0.000000	0.305452	55.936124
137.250000	213.750000	0.309180	0.051966	0.681566	0.000000	0.309180	55.636858
136.750000	213.750000	0.324845	0.059632	0.672494	0.000000	0.324845	55.337600
136.250000	214.250000	0.454636	0.081634	0.677793	0.000000	0.454636	55.038350
135.750000	214.250000	0.331591	0.063740	0.670116	0.000000	0.331591	54.718553
135.250000	214.250000	0.305560	0.050824	0.663019	0.000000	0.305560	54.419206
134.750000	214.250000	0.334403	0.065548	0.656545	0.000000	0.334403	54.119867
134.250000	214.250000	0.309690	0.052154	0.650737	0.000000	0.309690	53.820535
133.750000	214.250000	0.307771	0.051480	0.645632	0.000000	0.307771	53.521211
133.250000	214.250000	0.309465	0.052070	0.641262	0.000000	0.309465	53.221894
132.750000	214.250000	0.306739	0.051156	0.637657	0.000000	0.306739	52.922585
132.250000	214.250000	0.315213	0.054508	0.634841	0.000000	0.315213	52.623284
131.750000	214.250000	0.318685	0.056232	0.632833	0.000000	0.318685	52.323991
131.250000	214.250000	0.320006	0.056927	0.631645	0.000000	0.320006	52.024706
130.750000	214.250000	0.317322	0.055536	0.631286	0.000000	0.317322	51.725429
130.250000	214.250000	0.311350	0.052802	0.631758	0.000000	0.311350	51.426161
129.750000	214.250000	0.316690	0.055221	0.633058	0.000000	0.316690	51.126901
129.250000	214.250000	0.312925	0.053467	0.635178	0.000000	0.312925	50.827650
128.750000	214.250000	0.304759	0.050624	0.638102	0.000000	0.304759	50.528408
128.250000	214.250000	0.299833	0.050001	0.641812	0.000000	0.299833	50.229175
127.750000	214.250000	0.313736	0.053826	0.646282	0.000000	0.313736	49.929951
127.250000	214.250000	0.297649	0.050227	0.651484	0.000000	0.297649	49.630736
126.750000	214.250000	0.318310	0.056038	0.657384	0.000000	0.318310	49.331531
126.250000	214.250000	0.303561	0.050369	0.663942	0.000000	0.303561	49.032336
125.750000	214.250000	0.300993	0.050033	0.671118	0.000000	0.300993	48.733151
125.250000	214.250000	0.297195	0.050334	0.678867	0.000000	0.297195	48.433976
124.750000	214.250000	0.302789	0.050234	0.687140	0.000000	0.302789	48.134811
124.250000	214.250000	0.296105	0.050710	0.695887	0.000000	0.296105	47.835656
123.750000	214.250000	0.327881	0.061437	0.705057	0.000000	0.327881	47.536512
123.250000	214.250000	0.303914	0.050438	0.714596	0.000000	0.303914	47.237379
122.750000	214.250000	0.300729	0.050018	0.724450	0.000000	0.300729	46.938257
122.250000	214.250000	0.305416	0.050787	0.734564	0.000000	0.305416	46.639147
121.750000	214.250000	0.304394	0.050541	0.744885	0.000000	0.304394	46.340047
121.250000	214.250000	0.318460	0.056115	0.755358	0.000000	0.318460	46.040960
120.750000	214.250000	0.301778	0.050100	0.765932	0.000000	0.301778	45.741885
120.250000	214.250000	0.300482	0.050008	0.776555	0.000000	0.300482	45.442821
119.750000	214.250000	0.306015	0.050947	0.787179	0.000000	0.306015	45.143770
119.250000	214.250000	0.305542	0.050820	0.797757	0.000000	0.305542	44.844732
118.750000	214.250000	0.303114	0.050288	0.808244	0.000000	0.303114	44.545707
118.250000	214.250000	0.300497	0.050008	0.818599	0.000000	0.300497	44.246695
117.750000	214.250000	0.301732	0.050095	0.828783	0.000000	0.301732	43.947696
117.250000	214.250000	0.301097	0.050040	0.838763	0.000000	0.301097	43.648711
116.750000	214.250000	0.311436	0.052837	0.848505	0.000000	0.311436	43.349740
116.250000	214.250000	0.304325	0.050525	0.857982	0.000000	0.304325	43.050784
115.750000	214.250000	0.298686	0.050066	0.867169	0.000000	0.298686	42.751842
115.250000	214.250000	0.304067	0.050470	0.876043	0.000000	0.304067	42.452915
114.750000	214.250000	0.302309	0.050165	0.884588	0.000000	0.302309	42.154003
114.250000	214.250000	0.321122	0.057530	0.892788	0.000000	0.321122	41.855107
113.750000	214.250000	0.304221	0.050503	0.900633	0.000000	0.304221	41.556227
113.250000	214.250000	0.309834	0.052208	0.908113	0.000000	0.309834	41.257363
112.750000	214.250000	0.301142	0.050043	0.915224	0.000000	0.301142	40.958516
112.250000	214.250000	0.305668	0.050853	0.921963	0.000000	0.305668	40.659685
111.750000	214.250000	0.301112	0.050041	0.928330	0.000000	0.301112	40.360872
111.250000	214.250000	0.307003	0.051236	0.934328	0.000000	0.307003	40.062077
110.750000	214.250000	0.294323	0.051843	0.939962	0.000000	0.294323	39.763300
110.250000	214.250000	0.308777	0.051822	0.945238	0.000000	0.308777	39.464541
109.750000	214.250000	0.299129	0.050028	0.950165	0.000000	0.299129	39.165801
109.250000	214.250000	0.294206	0.051951	0.954752	0.000000	0.294206	38.867081
108.750000	214.250000	0.299902	0.050000	0.959011	0.000000	0.299902	38.568381
108.250000	214.250000	0.297345	0.050296	0.962955	0.000000	0.297345	38.269701
107.750000	214.250000	0.302341	0.050169	0.966596	0.000000	0.302341	37.971042
107.250000	214.250000	0.317666	0.055709	0.969948	0.000000	0.317666	37.672404
106.750000	214.250000	0.308459	0.051711	0.973026	0.000000	0.308459	37.373788
106.250000	214.250000	0.306758	0.051162	0.975845	0.000000	0.306758	37.075194
105.750000	214.250000	0.305850	0.050902	0.978419	0.000000	0.305850	36.776623
105.250000	214.250000	0.308202	0.051623	0.980763	0.000000	0.308202	36.478076
104.750000	214.250000	0.313374	0.053665	0.982892	0.000000	0.313374	36.179552
104.250000	214.250000	0.318987	0.056389	0.984820	0.000000	0.318987	35.881053
103.750000	214.250000	0.304446	0.050552	0.986562	0.000000	0.304446	35.582580
103.250000	214.250000	0.300816	0.050022	0.988132	0.000000	0.300816	35.284132
102.750000	214.250000	0.299369	0.050014	0.989543	0.000000	0.299369	34.985711
102.250000	214.250000	0.316714	0.055233	0.990807	0.000000	0.316714	34.687318
101.750000	214.250000	0.295234	0.051162	0.991937	0.000000	0.295234	34.388952
101.250000	214.250000	0.311890	0.053025	0.992945	0.000000	0.311890	34.090615
100.750000	214.250000	0.336212	0.066736	0.993841	0.000000	0.336212	33.792307
100.250000	214.250000	0.332754	0.064482	0.994636	0.000000	0.332754	33.494029
99.750000	214.250000	0.337081	0.067313	0.995339	0.000000	0.337081	33.195783
99.250000	214.250000	0.337633	0.067682	0.995959	0.000000	0.337633	32.897568
98.750000	214.250000	0.328229	0.061649	0.996505	0.000000	0.328229	32.599386
98.250000	214.250000	0.355393	0.080299	0.996984	0.000000	0.355393	32.301238
97.750000	214.250000	0.339439	0.068901	0.997404	0.000000	0.339439	32.003125
97.250000	214.250000	0.347035	0.074198	0.997770	0.000000	0.347035	31.705047
96.750000	214.250000	0.353616	0.078981	0.998090	0.000000	0.353616	31.407006
96.250000	214.250000	0.318660	0.056219	0.998369	0.000000	0.318660	31.109002
95.750000	214.250000	0.332293	0.064187	0.998611	0.000000	0.332293	30.811037
95.250000	214.250000	0.326077	0.060356	0.998821	0.000000	0.326077	30.513112
94.750000	214.250000	0.388326	0.106268	0.999003	0.000000	0.388326	30.215228
94.250000	214.250000	0.357193	0.081645	0.999159	0.000000	0.357193	29.917386
93.750000	214.250000	0.364427	0.087154	0.999294	0.000000	0.364427	29.619588
93.250000	214.250000	0.392242	0.109509	0.999409	0.000000	0.392242	29.321835
92.750000	214.250000	0.406599	0.121598	0.999508	0.000000	0.406599	29.024128
92.250000	214.250000	0.374451	0.095018	0.999592	0.000000	0.374451	28.726469
91.750000	214.250000	0.368447	0.090278	0.999663	0.000000	0.368447	28.428859
91.250000	214.250000	0.364630	0.087310	0.999724	0.000000	0.364630	28.131299
90.750000	214.250000	0.362415	0.085606	0.999775	0.000000	0.362415	27.833792
90.250000	214.250000	0.348719	0.075406	0.999817	0.000000	0.348719	27.536340
89.750000	214.250000	0.346219	0.073617	0.999853	0.000000	0.346219	27.238943
89.250000	214.250000	0.327160	0.061002	0.999883	0.000000	0.327160	26.941604
88.750000	214.250000	0.359408	0.083315	0.999908	0.000000	0.359408	26.644324
88.250000	214.250000	0.368696	0.090473	0.999928	0.000000	0.368696	26.347106
87.750000	214.250000	0.362455	0.085637	0.999945	0.000000	0.362455	26.049952
87.250000	214.250000	0.389995	0.107647	0.999959	0.000000	0.389995	25.752864
86.750000	214.250000	0.440727	0.151389	0.999969	0.000000	0.440727	25.455844
86.250000	214.250000	0.370495	0.091885	0.999978	0.000000	0.370495	25.158895
85.750000	214.250000	0.391678	0.109041	0.999984	0.000000	0.391678	24.862019
85.250000	214.250000	0.393942	0.110924	0.999989	0.000000	0.393942	24.565219
84.750000	214.250000	0.377356	0.097341	0.999992	0.000000	0.377356	24.268498
84.250000	214.250000	0.369572	0.091160	0.999993	0.000000	0.369572	23.971859
83.750000	214.250000	0.353129	0.078622	0.999992	0.000000	0.353129	23.675304
83.250000	214.250000	0.368489	0.090310	0.999990	0.000000	0.368489	23.378837
82.750000	214.250000	0.383937	0.102669	0.999988	0.000000	0.383937	23.082461
82.250000	214.250000	0.357463	0.081848	0.999985	0.000000	0.357463	22.786180
81.750000	214.250000	0.379953	0.099433	0.999982	0.000000	0.379953	22.489998
81.250000	214.250000	0.351790	0.077637	0.999978	0.000000	0.351790	22.193918
80.750000	214.250000	0.341651	0.070416	0.999973	0.000000	0.341651	21.897945
80.250000	214.250000	0.352756	0.078347	0.999968	0.000000	0.352756	21.602083
79.750000	214.250000	0.325542	0.060040	0.999961	0.000000	0.325542	21.306337
79.250000	214.250000	0.392195	0.109470	0.999953	0.000000	0.392195	21.010712
78.750000	214.250000	0.400333	0.116284	0.999944	0.000000	0.400333	20.715212
78.250000	214.250000	0.427450	0.139647	0.999933	0.000000	0.427450	20.419843
77.750000	214.250000	0.424934	0.137442	0.999921	0.000000	0.424934	20.124612
77.250000	214.250000	0.438162	0.149107	0.999906	0.000000	0.438162	19.829523
76.750000	214.250000	0.582215	0.283882	0.999888	0.000000	0.582215	19.534585
76.250000	214.250000	0.533574	0.237184	0.999868	0.000000	0.533574	19.239802
75.750000	214.250000	0.516348	0.220886	0.999845	0.000000	0.516348	18.945184
75.250000	214.250000	0.533099	0.236732	0.999819	0.000000	0.533099	18.650737
74.750000	214.250000	0.569404	0.271495	0.999788	0.000000	0.569404	18.356470
74.250000	214.750000	0.704174	0.287964	0.999719	0.000000	0.704174	18.062392
73.750000	214.750000	0.507364	0.212444	0.999673	0.000000	0.507364	17.710167
73.250000	214.750000	0.561730	0.264103	0.999621	0.000000	0.561730	17.415510
72.750000	214.750000	0.473432	0.180970	0.999562	0.000000	0.473432	17.121040
72.250000	215.250000	0.742429	0.323900	0.999427	0.000000	0.742429	16.826764
71.750000	215.250000	0.527420	0.231345	0.999341	0.000000	0.527420	16.475436
71.250000	215.250000	0.480971	0.187901	0.999244	0.000000	0.480971	16.180544
70.750000	215.250000	0.499227	0.204834	0.999134	0.000000	0.499227	15.885843
70.250000	215.250000	0.544536	0.247625	0.999010	0.000000	0.544536	15.591344
69.750000	215.250000	0.443197	0.153592	0.998871	0.000000	0.443197	15.297059
69.250000	215.250000	0.492983	0.199021	0.998715	0.000000	0.492983	15.003000
68.750000	215.250000	0.430312	0.142163	0.998540	0.000000	0.430312	14.709181
68.250000	215.250000	0.429283	0.141257	0.998344	0.000000	0.429283	14.415617
67.750000	215.250000	0.464111	0.172454	0.998125	0.000000	0.464111	14.122323
67.250000	215.250000	0.387266	0.105396	0.997881	0.000000	0.387266	13.829317
66.750000	215.250000	0.404311	0.119652	0.997610	0.000000	0.404311	13.536617
66.250000	215.250000	0.376614	0.096746	0.997309	0.000000	0.376614	13.244244
65.750000	215.250000	0.378101	0.097940	0.996976	0.000000	0.378101	12.952220
65.250000	215.250000	0.368821	0.090571	0.996607	0.000000	0.368821	12.660569
64.750000	215.250000	0.426216	0.138565	0.996202	0.000000	0.426216	12.369317
64.250000	215.250000	0.434736	0.146069	0.995755	0.000000	0.434736	12.078493
63.750000	215.250000	0.470343	0.178141	0.995264	0.000000	0.470343	11.788130
63.250000	215.250000	0.423126	0.135862	0.994727	0.000000	0.423126	11.498261
62.750000	215.250000	0.377094	0.097131	0.994139	0.000000	0.377094	11.208925
62.250000	215.250000	0.348323	0.075121	0.993499	0.000000	0.348323	10.920165
61.750000	215.250000	0.324540	0.059455	0.992801	0.000000	0.324540	10.632027
61.250000	215.250000	0.350501	0.076697	0.992044	0.000000	0.350501	10.344564
60.750000	215.250000	0.361062	0.084572	0.991221	0.000000	0.361062	10.057833
60.250000	215.250000	0.398731	0.114935	0.990332	0.000000	0.398731	9.771898
59.750000	215.250000	0.403175	0.118688	0.989370	0.000000	0.403175	9.486833
59.250000	215.750000	0.543567	0.145684	0.987031	0.000000	0.543567	9.202717
58.750000	216.250000	0.520154	0.126962	0.984253	0.000000	0.520154	8.823265
58.250000	216.250000	0.398586	0.114813	0.982799	0.000000	0.398586	8.448077
57.750000	216.750000	0.516054	0.123776	0.979262	0.000000	0.516054	8.160882
57.250000	216.750000	0.395464	0.112194	0.977439	0.000000	0.395464	7.788453
56.750000	216.750000	0.381823	0.100948	0.975498	0.000000	0.381823	7.500000
56.250000	216.750000	0.375789	0.096086	0.973437	0.000000	0.375789	7.212489
55.750000	217.250000	0.520651	0.127350	0.968346	0.000000	0.520651	6.926038
55.250000	217.250000	0.374322	0.094915	0.965819	0.000000	0.374322	6.552099
54.750000	217.250000	0.362455	0.085637	0.963154	0.000000	0.362455	6.264184
54.250000	217.250000	0.361618	0.084996	0.960348	0.000000	0.361618	5.977458
53.750000	217.750000	0.528020	0.133156	0.953288	0.000000	0.528020	5.692100
53.250000	218.250000	0.545158	0.146985	0.945227	0.000000	0.545158	5.316014
52.750000	218.750000	0.516827	0.124374	0.936075	0.000000	0.516827	4.947727
52.250000	218.750000	0.351827	0.077665	0.931779	0.000000	0.351827	4.589118
51.750000	219.250000	0.488975	0.103647	0.920923	0.000000	0.488975	4.295346
51.250000	219.250000	0.350026	0.076351	0.915933	0.000000	0.350026	3.945884
50.750000	219.250000	0.326788	0.060779	0.910774	0.000000	0.326788	3.649658
50.250000	219.250000	0.369823	0.091357	0.905452	0.000000	0.369823	3.354102
49.750000	219.250000	0.417664	0.131112	0.899976	0.000000	0.417664	3.059412
49.250000	219.250000	0.449163	0.158936	0.894354	0.000000	0.449163	2.765863
48.750000	219.250000	0.496415	0.202213	0.888597	0.000000	0.496415	2.473863
48.250000	219.250000	0.398828	0.115016	0.882716	0.000000	0.398828	2.184033
47.750000	219.250000	0.453020	0.162407	0.876723	0.000000	0.453020	1.897367
47.250000	219.750000	0.655254	0.242888	0.860164	0.000000	0.655254	1.615549
46.750000	220.250000	0.649052	0.237258	0.842095	0.000000	0.649052	1.236932
46.250000	220.250000	0.397621	0.114002	0.834973	0.000000	0.397621	0.900000
45.750000	220.250000	0.458791	0.167623	0.827802	0.000000	0.458791	0.600000
45.250000	220.250000	0.459320	0.168103	0.820602	0.000000	0.459320	0.300000
0.000000	0.000000	104.832717	23.742283	264.371207	0.000000	104.832717	13079.949240
