LON		LAT		E_P		R_P		I_P		B_P		g_func		h_func
-46.778054	25.038966	0.287519	0.000415	1.000000	0.000000	0.557628	6.014846
-46.778074	25.038990	0.287144	0.000425	1.000000	0.000000	0.557556	5.983523
-46.778093	25.039013	0.286742	0.000441	1.000000	0.000000	0.557481	5.952205
-46.778112	25.039037	0.286377	0.000460	0.999329	0.000000	0.557078	5.920895
-46.778131	25.039060	0.286249	0.000468	0.998466	0.000000	0.556623	5.889591
-46.778150	25.039084	0.286757	0.000440	0.994024	0.000000	0.554495	5.858293
-46.778169	25.039107	0.287159	0.000425	0.980159	0.000000	0.547639	5.827002
-46.778188	25.039131	0.287504	0.000415	0.943865	0.000000	0.529558	5.795718
-46.778207	25.039154	0.286945	0.000432	0.864665	0.000000	0.489851	5.764441
-46.778227	25.039178	0.286576	0.000449	0.721963	0.000000	0.418431	5.733170
-46.778246	25.039201	0.285972	0.000486	0.513248	0.000000	0.313964	5.701907
-46.778239	25.039242	0.407357	0.000575	0.273851	0.000000	0.218569	5.670652
-46.778232	25.039283	0.406663	0.000585	0.147856	0.000000	0.155436	5.632988
-46.778226	25.039324	0.406278	0.000595	0.076884	0.000000	0.119876	5.595435
-46.778200	25.039341	0.290144	0.000440	0.076884	0.000000	0.096602	5.557995
-46.778174	25.039359	0.290836	0.000471	0.076884	0.000000	0.096750	5.552036
-46.778148	25.039376	0.291914	0.000536	0.076884	0.000000	0.096986	5.546254
-46.778122	25.039393	0.293641	0.000679	0.076884	0.000000	0.097374	5.540650
-46.778116	25.039434	0.410006	0.000610	0.076884	0.000000	0.120626	5.535225
-46.778109	25.039475	0.414190	0.000864	0.076884	0.000000	0.121539	5.498486
-46.778128	25.039499	0.289776	0.000427	0.076884	0.000000	0.096525	5.461873
-46.778122	25.039540	0.417086	0.001149	0.329680	0.000000	0.248602	5.430361
-46.778115	25.039581	0.414991	0.000935	0.646545	0.000000	0.406551	5.393852
-46.778108	25.039621	0.410852	0.000644	0.864665	0.000000	0.514696	5.357474
-46.778102	25.039662	0.405794	0.000612	0.962372	0.000000	0.562528	5.321231
-46.778095	25.039703	0.401923	0.000955	0.948181	0.000000	0.554761	5.285125
-46.778088	25.039744	0.401130	0.001082	0.864665	0.000000	0.512883	5.249158
-46.778082	25.039785	0.403729	0.000743	0.721963	0.000000	0.441950	5.213334
-46.778075	25.039826	0.405832	0.000610	0.472708	0.000000	0.317703	5.177655
-46.778068	25.039867	0.406689	0.000585	0.147856	0.000000	0.155441	5.142125
-46.778087	25.039890	0.288225	0.000405	0.076884	0.000000	0.096208	5.106747
-46.778106	25.039914	0.288445	0.000405	0.076884	0.000000	0.096252	5.075036
-46.778126	25.039937	0.288200	0.000405	0.076884	0.000000	0.096203	5.043329
-46.778145	25.039961	0.287979	0.000407	0.076884	0.000000	0.096160	5.011624
-46.778138	25.040002	0.401542	0.001013	0.076884	0.000000	0.119054	4.979921
-46.778157	25.040025	0.286118	0.000476	0.076884	0.000000	0.095808	4.944618
-46.778150	25.040066	0.397800	0.001953	0.076884	0.000000	0.118588	4.912898
-46.778170	25.040090	0.284102	0.000690	0.076884	0.000000	0.095469	4.877736
-46.778163	25.040131	0.397392	0.002111	0.076884	0.000000	0.118554	4.845999
-46.778182	25.040154	0.283363	0.000817	0.147856	0.000000	0.130846	4.810983
-46.778227	25.040160	0.408619	0.000578	0.076884	0.000000	0.120339	4.779229
-46.778272	25.040166	0.406857	0.000581	0.076884	0.000000	0.119988	4.750800
-46.778317	25.040172	0.406211	0.000597	0.076884	0.000000	0.119863	4.722632
-46.778343	25.040155	0.298160	0.001233	0.076884	0.000000	0.098444	4.694729
-46.778387	25.040161	0.405695	0.000616	0.076884	0.000000	0.119766	4.698741
-46.778432	25.040167	0.405817	0.000611	0.076884	0.000000	0.119789	4.671349
-46.778477	25.040173	0.406092	0.000601	0.147856	0.000000	0.155327	4.644234
-46.778503	25.040156	0.295583	0.000889	0.076884	0.000000	0.097825	4.617402
-46.778529	25.040138	0.295187	0.000842	0.076884	0.000000	0.097732	4.622362
-46.778555	25.040121	0.295790	0.000914	0.076884	0.000000	0.097874	4.627537
-46.778599	25.040127	0.406903	0.000581	0.076884	0.000000	0.119997	4.632926
-46.778619	25.040150	0.283249	0.000839	0.076884	0.000000	0.095343	4.607133
-46.778638	25.040174	0.283724	0.000751	0.076884	0.000000	0.095412	4.575745
-46.778683	25.040180	0.412031	0.000706	0.076884	0.000000	0.121060	4.544363
-46.778728	25.040186	0.413814	0.000832	0.076884	0.000000	0.121454	4.518966
-46.778772	25.040192	0.414051	0.000852	0.076884	0.000000	0.121508	4.493879
-46.778792	25.040216	0.285780	0.000500	0.076884	0.000000	0.095748	4.469107
-46.778811	25.040239	0.286024	0.000482	0.076884	0.000000	0.095791	4.437889
-46.778804	25.040280	0.401150	0.001079	0.076884	0.000000	0.118996	4.406682
-46.778823	25.040304	0.287082	0.000427	0.076884	0.000000	0.095986	4.368846
-46.778868	25.040310	0.414314	0.000874	0.076884	0.000000	0.121567	4.337611
-46.778913	25.040316	0.413459	0.000805	0.076884	0.000000	0.121375	4.313122
-46.778958	25.040322	0.412407	0.000730	0.076884	0.000000	0.121142	4.288968
-46.778977	25.040345	0.287351	0.000419	0.076884	0.000000	0.096038	4.265155
-46.778996	25.040369	0.288033	0.000406	0.076884	0.000000	0.096170	4.234118
-46.779015	25.040392	0.288772	0.000407	0.076884	0.000000	0.096318	4.203094
-46.779034	25.040416	0.289365	0.000416	0.076884	0.000000	0.096440	4.172083
-46.779053	25.040439	0.290265	0.000444	0.076884	0.000000	0.096628	4.141086
-46.779047	25.040480	0.408577	0.000577	0.076884	0.000000	0.120330	4.110103
-46.779040	25.040521	0.408642	0.000578	0.076884	0.000000	0.120344	4.071512
-46.779033	25.040562	0.409931	0.000608	0.076884	0.000000	0.120610	4.033057
-46.779027	25.040603	0.410061	0.000612	0.076884	0.000000	0.120638	3.994742
-46.779001	25.040620	0.286521	0.000452	0.076884	0.000000	0.095882	3.956570
-46.778994	25.040661	0.410974	0.000649	0.076884	0.000000	0.120831	3.949742
-46.778949	25.040655	0.402022	0.000940	0.076884	0.000000	0.119128	3.911913
-46.778904	25.040649	0.406216	0.000597	0.076884	0.000000	0.119864	3.936828
-46.778879	25.040666	0.294986	0.000820	0.273851	0.000000	0.196169	3.962101
-46.778834	25.040660	0.416296	0.001064	0.513248	0.000000	0.340202	3.956313
-46.778808	25.040678	0.295569	0.000887	0.513248	0.000000	0.316004	3.982229
-46.778782	25.040695	0.292502	0.000580	0.273851	0.000000	0.195600	3.976982
-46.778756	25.040713	0.291300	0.000496	0.076884	0.000000	0.096851	3.971985
-46.778750	25.040753	0.407099	0.000578	0.076884	0.000000	0.120035	3.967239
-46.778743	25.040794	0.402930	0.000824	0.076884	0.000000	0.119275	3.931132
-46.778736	25.040835	0.401500	0.001020	0.076884	0.000000	0.119048	3.895214
-46.778755	25.040859	0.286651	0.000445	0.076884	0.000000	0.095906	3.859489
-46.778775	25.040882	0.287244	0.000422	0.076884	0.000000	0.096017	3.827824
-46.778794	25.040906	0.288055	0.000406	0.076884	0.000000	0.096175	3.796162
-46.778813	25.040929	0.290280	0.000445	0.076884	0.000000	0.096631	3.764505
-46.778832	25.040953	0.291527	0.000510	0.076884	0.000000	0.096900	3.732853
-46.778851	25.040976	0.293698	0.000685	0.076884	0.000000	0.097387	3.701204
-46.778870	25.041000	0.294707	0.000789	0.076884	0.000000	0.097620	3.669561
-46.778889	25.041023	0.295700	0.000903	0.076884	0.000000	0.097853	3.637922
-46.778883	25.041064	0.412469	0.000734	0.076884	0.000000	0.121156	3.606288
-46.778857	25.041082	0.287358	0.000419	0.076884	0.000000	0.096039	3.570525
-46.778831	25.041099	0.287027	0.000429	0.076884	0.000000	0.095976	3.566672
-46.778805	25.041116	0.287129	0.000426	0.076884	0.000000	0.095995	3.563100
-46.778779	25.041134	0.287825	0.000409	0.076884	0.000000	0.096130	3.559812
-46.778754	25.041151	0.289950	0.000433	0.076884	0.000000	0.096562	3.556806
-46.778747	25.041192	0.417220	0.001164	0.329680	0.000000	0.248633	3.554085
-46.778740	25.041233	0.420088	0.001522	0.646545	0.000000	0.407747	3.519817
-46.778734	25.041274	0.421110	0.001664	0.864665	0.000000	0.517053	3.485797
-46.778727	25.041315	0.421523	0.001723	0.962372	0.000000	0.566008	3.452032
-46.778720	25.041356	0.420367	0.001560	0.992403	0.000000	0.580743	3.418530
-46.778714	25.041397	0.416302	0.001064	0.962372	0.000000	0.564765	3.385297
-46.778707	25.041438	0.413496	0.000807	0.864665	0.000000	0.515274	3.352343
-46.778700	25.041478	0.410379	0.000624	0.646545	0.000000	0.405536	3.319675
-46.778694	25.041519	0.407749	0.000573	0.329680	0.000000	0.246562	3.287302
-46.778687	25.041560	0.404604	0.000675	0.076884	0.000000	0.119565	3.255233
-46.778661	25.041578	0.284238	0.000670	0.076884	0.000000	0.095490	3.223477
-46.778635	25.041595	0.283888	0.000724	0.076884	0.000000	0.095436	3.223951
-46.778610	25.041613	0.284317	0.000659	0.076884	0.000000	0.095503	3.224741
-46.778584	25.041630	0.284944	0.000580	0.076884	0.000000	0.095604	3.225846
-46.778558	25.041647	0.287383	0.000418	0.076884	0.000000	0.096044	3.227266
-46.778551	25.041688	0.406077	0.000602	0.076884	0.000000	0.119838	3.229002
-46.778545	25.041729	0.408663	0.000578	0.076884	0.000000	0.120348	3.199214
-46.778538	25.041770	0.411405	0.000671	0.076884	0.000000	0.120924	3.169790
-46.778531	25.041811	0.413306	0.000793	0.076884	0.000000	0.121341	3.140738
-46.778550	25.041834	0.293147	0.000634	0.076884	0.000000	0.097261	3.112070
-46.778570	25.041858	0.293743	0.000689	0.076884	0.000000	0.097397	3.080326
-46.778589	25.041881	0.294747	0.000793	0.076884	0.000000	0.097629	3.048585
-46.778582	25.041922	0.421060	0.001657	0.076884	0.000000	0.123151	3.016848
-46.778575	25.041963	0.428677	0.002918	0.076884	0.000000	0.125053	2.988696
-46.778594	25.041987	0.304397	0.002306	0.076884	0.000000	0.100013	2.960963
-46.778614	25.042010	0.307157	0.002866	0.076884	0.000000	0.100733	2.929320
-46.778633	25.042034	0.309048	0.003274	0.147856	0.000000	0.136720	2.897683
-46.778626	25.042075	0.431409	0.003443	0.472708	0.000000	0.323669	2.866052
-46.778619	25.042116	0.425164	0.002295	0.472708	0.000000	0.322075	2.838916
-46.778613	25.042156	0.413097	0.000777	0.147856	0.000000	0.156781	2.812242
-46.778632	25.042180	0.292613	0.000589	0.076884	0.000000	0.097141	2.786044
-46.778651	25.042203	0.292613	0.000589	0.076884	0.000000	0.097141	2.754610
-46.778670	25.042227	0.293482	0.000664	0.076884	0.000000	0.097338	2.723187
-46.778689	25.042250	0.295296	0.000855	0.076884	0.000000	0.097758	2.691776
-46.778734	25.042256	0.422237	0.001829	0.076884	0.000000	0.123438	2.660376
-46.778753	25.042280	0.297555	0.001146	0.076884	0.000000	0.098297	2.623366
-46.778747	25.042321	0.418252	0.001285	0.076884	0.000000	0.122478	2.591924
-46.778740	25.042362	0.422353	0.001846	0.076884	0.000000	0.123466	2.566255
-46.778714	25.042379	0.286339	0.000462	0.076884	0.000000	0.095848	2.541128
-46.778688	25.042397	0.288015	0.000407	0.076884	0.000000	0.096167	2.547733
-46.778662	25.042414	0.288400	0.000405	0.076884	0.000000	0.096243	2.554719
-46.778637	25.042431	0.286622	0.000447	0.147856	0.000000	0.131387	2.562084
-46.778630	25.042472	0.414373	0.000879	0.147856	0.000000	0.157067	2.569824
-46.778604	25.042490	0.285107	0.000562	0.076884	0.000000	0.095632	2.547133
-46.778578	25.042507	0.284629	0.000617	0.076884	0.000000	0.095553	2.555716
-46.778572	25.042548	0.410663	0.000635	0.076884	0.000000	0.120765	2.564667
-46.778565	25.042589	0.411334	0.000667	0.076884	0.000000	0.120909	2.543532
-46.778584	25.042612	0.294518	0.000768	0.076884	0.000000	0.097576	2.523027
-46.778603	25.042636	0.294195	0.000734	0.076884	0.000000	0.097501	2.492771
-46.778622	25.042659	0.293955	0.000710	0.076884	0.000000	0.097446	2.462557
-46.778642	25.042683	0.293989	0.000713	0.076884	0.000000	0.097454	2.432387
-46.778661	25.042706	0.296314	0.000979	0.076884	0.000000	0.097999	2.402261
-46.778680	25.042730	0.299051	0.001367	0.076884	0.000000	0.098662	2.372182
-46.778673	25.042771	0.421464	0.001715	0.076884	0.000000	0.123249	2.342152
-46.778692	25.042794	0.303076	0.002055	0.076884	0.000000	0.099674	2.323378
-46.778686	25.042835	0.420218	0.001539	0.076884	0.000000	0.122947	2.293597
-46.778679	25.042876	0.416482	0.001083	0.076884	0.000000	0.122063	2.275765
-46.778672	25.042917	0.414850	0.000922	0.076884	0.000000	0.121688	2.258694
-46.778666	25.042958	0.414784	0.000916	0.076884	0.000000	0.121673	2.242402
-46.778659	25.042999	0.415980	0.001031	0.076884	0.000000	0.121947	2.226906
-46.778678	25.043022	0.300514	0.001602	0.076884	0.000000	0.099025	2.212221
-46.778723	25.043028	0.423325	0.001996	0.076884	0.000000	0.123706	2.183723
-46.778742	25.043052	0.297727	0.001170	0.076884	0.000000	0.098338	2.140860
-46.778735	25.043093	0.414513	0.000891	0.076884	0.000000	0.121612	2.112363
-46.778729	25.043134	0.413425	0.000802	0.076884	0.000000	0.121367	2.098819
-46.778748	25.043157	0.292060	0.000547	0.273851	0.000000	0.195501	2.086164
-46.778767	25.043181	0.290856	0.000472	0.513248	0.000000	0.314937	2.058394
-46.778786	25.043204	0.289486	0.000419	0.721963	0.000000	0.419004	2.030747
-46.778831	25.043210	0.413086	0.000777	0.864665	0.000000	0.515183	2.003226
-46.778850	25.043234	0.289921	0.000432	0.721963	0.000000	0.419095	1.959533
-46.778869	25.043257	0.290440	0.000452	0.513248	0.000000	0.314847	1.932052
-46.778888	25.043281	0.290642	0.000461	0.273851	0.000000	0.195192	1.904710
-46.778907	25.043304	0.290413	0.000451	0.076884	0.000000	0.096660	1.877512
-46.778952	25.043310	0.413963	0.000845	0.076884	0.000000	0.121488	1.850465
-46.778971	25.043334	0.289528	0.000420	0.076884	0.000000	0.096473	1.806459
-46.778991	25.043357	0.289145	0.000412	0.076884	0.000000	0.096394	1.779477
-46.779010	25.043381	0.288728	0.000406	0.076884	0.000000	0.096309	1.752660
-46.779029	25.043404	0.289671	0.000424	0.076884	0.000000	0.096503	1.726016
-46.779074	25.043410	0.416929	0.001132	0.076884	0.000000	0.122167	1.699554
-46.779093	25.043434	0.291055	0.000482	0.076884	0.000000	0.096797	1.655229
-46.779138	25.043440	0.397627	0.002019	0.076884	0.000000	0.118573	1.628868
-46.779157	25.043463	0.289839	0.000429	0.076884	0.000000	0.096538	1.584493
-46.779176	25.043487	0.290100	0.000438	0.147856	0.000000	0.132079	1.558242
-46.779195	25.043510	0.288534	0.000405	0.273851	0.000000	0.194754	1.532207
-46.779214	25.043534	0.287140	0.000425	0.076884	0.000000	0.095997	1.506397
-46.779259	25.043540	0.408900	0.000582	0.076884	0.000000	0.120396	1.480826
-46.779304	25.043546	0.406224	0.000597	0.076884	0.000000	0.119866	1.436132
-46.779323	25.043570	0.283921	0.000718	0.076884	0.000000	0.095441	1.391467
-46.779342	25.043593	0.283886	0.000724	0.076884	0.000000	0.095436	1.365981
-46.779361	25.043617	0.284099	0.000690	0.076884	0.000000	0.095469	1.340770
-46.779355	25.043657	0.404816	0.000661	0.076884	0.000000	0.119603	1.315850
-46.779374	25.043681	0.285274	0.000545	0.147856	0.000000	0.131146	1.311974
-46.779419	25.043687	0.407930	0.000573	0.472708	0.000000	0.318111	1.288079
-46.779464	25.043693	0.410023	0.000611	0.329680	0.000000	0.247028	1.243010
-46.779483	25.043717	0.291052	0.000482	0.147856	0.000000	0.132283	1.197946
-46.779502	25.043740	0.291538	0.000511	0.076884	0.000000	0.096903	1.174333
-46.779521	25.043764	0.290886	0.000473	0.076884	0.000000	0.096761	1.151120
-46.779540	25.043787	0.290300	0.000446	0.076884	0.000000	0.096636	1.128332
-46.779559	25.043811	0.289550	0.000420	0.076884	0.000000	0.096478	1.105996
-46.779578	25.043834	0.288935	0.000408	0.076884	0.000000	0.096351	1.084139
-46.779623	25.043840	0.405689	0.000616	0.076884	0.000000	0.119764	1.062791
-46.779642	25.043864	0.288002	0.000407	0.147856	0.000000	0.131650	1.017753
-46.779661	25.043887	0.288033	0.000406	0.076884	0.000000	0.096170	0.997027
-46.779706	25.043893	0.406035	0.000603	0.076884	0.000000	0.119830	0.976904
-46.779725	25.043917	0.287968	0.000407	0.076884	0.000000	0.096158	0.932087
-46.779745	25.043940	0.287726	0.000411	0.076884	0.000000	0.096110	0.912764
-46.779789	25.043946	0.406829	0.000582	0.076884	0.000000	0.119982	0.894163
-46.779834	25.043952	0.408120	0.000573	0.076884	0.000000	0.120238	0.849777
-46.779879	25.043958	0.408427	0.000575	0.076884	0.000000	0.120300	0.805474
-46.779924	25.043964	0.408397	0.000575	0.076884	0.000000	0.120294	0.761269
-46.779943	25.043988	0.286905	0.000434	0.076884	0.000000	0.095953	0.717179
-46.779937	25.044029	0.405882	0.000608	0.076884	0.000000	0.119801	0.700657
-46.779956	25.044052	0.287017	0.000430	0.076884	0.000000	0.095974	0.713620
-46.779975	25.044076	0.287203	0.000423	0.076884	0.000000	0.096009	0.699930
-46.780020	25.044082	0.410438	0.000626	0.076884	0.000000	0.120717	0.687450
-46.780046	25.044065	0.294192	0.000734	0.076884	0.000000	0.097500	0.646210
-46.780090	25.044071	0.411947	0.000701	0.076884	0.000000	0.121042	0.616363
-46.780116	25.044053	0.293550	0.000671	0.076884	0.000000	0.097353	0.575339
-46.780161	25.044059	0.411543	0.000678	0.076884	0.000000	0.120954	0.545348
-46.780187	25.044042	0.292446	0.000576	0.076884	0.000000	0.097104	0.504605
-46.780232	25.044048	0.409226	0.000588	0.076884	0.000000	0.120464	0.474436
-46.780238	25.044007	0.415461	0.000979	0.076884	0.000000	0.121828	0.434078
-46.780264	25.043990	0.291420	0.000504	0.076884	0.000000	0.096877	0.414883
-46.780271	25.043949	0.417080	0.001149	0.076884	0.000000	0.122202	0.385619
-46.780278	25.043908	0.417481	0.001194	0.147856	0.000000	0.157783	0.372179
-46.780303	25.043890	0.291037	0.000481	0.329680	0.000000	0.223192	0.363876
-46.780348	25.043896	0.406687	0.000585	0.513248	0.000000	0.338137	0.339251
-46.780374	25.043879	0.290442	0.000452	0.273851	0.000000	0.195149	0.294233
-46.780419	25.043885	0.403538	0.000761	0.147856	0.000000	0.154864	0.270800
-46.780464	25.043891	0.401967	0.000948	0.076884	0.000000	0.119120	0.225666
-46.780509	25.043897	0.401564	0.001009	0.076884	0.000000	0.119058	0.180533
-46.780554	25.043903	0.402223	0.000912	0.273851	0.000000	0.217644	0.135400
-46.780599	25.043909	0.403590	0.000756	0.273851	0.000000	0.217870	0.090267
-46.780643	25.043916	0.403820	0.000735	0.076884	0.000000	0.119426	0.045133
0.000000	0.000000	80.218825	0.180366	46.828838	0.000000	39.512294	713.889957
