LON		LAT		E_P		R_P		I_P		B_P		g_func		h_func
8.518242	47.355804	0.430278	0.139019	0.999991	0.000000	0.430278	43.020460
8.518249	47.355800	0.418261	0.110468	0.999988	0.000000	0.418261	42.682315
8.518255	47.355795	0.431555	0.141701	0.999984	0.000000	0.431555	42.345720
8.518262	47.355791	0.427250	0.132479	0.999981	0.000000	0.427250	42.010713
8.518268	47.355786	0.425356	0.128228	0.999977	0.000000	0.425356	41.677332
8.518275	47.355781	0.415661	0.102460	0.999972	0.000000	0.415661	41.345616
8.518281	47.355777	0.425745	0.129113	0.999968	0.000000	0.425745	41.015607
8.518288	47.355772	0.418329	0.110660	0.999963	0.000000	0.418329	40.687344
8.518294	47.355768	0.412528	0.086286	0.999958	0.000000	0.412528	40.360872
8.518301	47.355768	0.312393	0.114569	0.999949	0.000000	0.312393	40.036234
8.518308	47.355763	0.416845	0.106290	0.999943	0.000000	0.416845	39.737262
8.518314	47.355759	0.412655	0.088023	0.999937	0.000000	0.412655	39.414337
8.518321	47.355754	0.413642	0.094453	0.999931	0.000000	0.413642	39.093350
8.518327	47.355750	0.415158	0.100696	0.999924	0.000000	0.415158	38.774347
8.518334	47.355749	0.308287	0.106573	0.999909	0.000000	0.308287	38.457379
8.518340	47.355745	0.415265	0.101079	0.999902	0.000000	0.415265	38.157830
8.518347	47.355745	0.303409	0.096503	0.999883	0.000000	0.303409	37.842833
8.518353	47.355740	0.416083	0.103871	0.999875	0.000000	0.416083	37.543175
8.518360	47.355736	0.414838	0.099517	0.999867	0.000000	0.414838	37.230230
8.518367	47.355736	0.294742	0.075121	0.999843	0.000000	0.294742	36.919507
8.518373	47.355736	0.297856	0.083702	0.999816	0.000000	0.297856	36.619667
8.518380	47.355736	0.299252	0.087122	0.999785	0.000000	0.299252	36.319829
8.518386	47.355735	0.293810	0.072085	0.999749	0.000000	0.293810	36.019994
8.518393	47.355735	0.291667	0.059761	0.999707	0.000000	0.291667	35.720162
8.518400	47.355731	0.414911	0.074805	0.999695	0.000000	0.414911	35.420333
8.518406	47.355731	0.294092	0.073043	0.999646	0.000000	0.294092	35.111537
8.518413	47.355731	0.293268	0.070113	0.999590	0.000000	0.293268	34.811636
8.518419	47.355731	0.291780	0.057587	0.999527	0.000000	0.291780	34.511737
8.518426	47.355731	0.292454	0.054665	0.999455	0.000000	0.292454	34.211840
8.518433	47.355731	0.292284	0.065733	0.999374	0.000000	0.292284	33.911945
8.518439	47.355730	0.291707	0.058412	0.999283	0.000000	0.291707	33.612051
8.518446	47.355730	0.291840	0.057121	0.999180	0.000000	0.291840	33.312160
8.518453	47.355730	0.293278	0.053053	0.999064	0.000000	0.293278	33.012270
8.518459	47.355730	0.292788	0.053898	0.998935	0.000000	0.292788	32.712383
8.518466	47.355726	0.417715	0.072240	0.998917	0.000000	0.417715	32.412498
8.518472	47.355726	0.292861	0.053755	0.998773	0.000000	0.292861	32.105607
8.518479	47.355726	0.293708	0.052480	0.998614	0.000000	0.293708	31.805660
8.518486	47.355726	0.293047	0.053419	0.998437	0.000000	0.293047	31.505714
8.518492	47.355725	0.293435	0.052829	0.998241	0.000000	0.293435	31.205769
8.518499	47.355725	0.296125	0.050701	0.998026	0.000000	0.296125	30.905825
8.518505	47.355725	0.302676	0.050217	0.997789	0.000000	0.302676	30.605882
8.518512	47.355725	0.292762	0.053950	0.997530	0.000000	0.292762	30.305940
8.518519	47.355725	0.297792	0.050198	0.997247	0.000000	0.297792	30.005999
8.518525	47.355725	0.294757	0.051486	0.996938	0.000000	0.294757	29.706060
8.518532	47.355725	0.302692	0.050219	0.996603	0.000000	0.302692	29.406122
8.518538	47.355725	0.316473	0.055115	0.996239	0.000000	0.316473	29.106185
8.518545	47.355725	0.299195	0.050024	0.995847	0.000000	0.299195	28.806249
8.518552	47.355725	0.310249	0.052366	0.995424	0.000000	0.310249	28.506315
8.518558	47.355725	0.301825	0.050105	0.994969	0.000000	0.301825	28.206382
8.518565	47.355725	0.309731	0.052169	0.994482	0.000000	0.309731	27.906451
8.518572	47.355725	0.302468	0.050186	0.993962	0.000000	0.302468	27.606521
8.518578	47.355725	0.306070	0.050963	0.993408	0.000000	0.306070	27.306593
8.518585	47.355725	0.328873	0.062043	0.992820	0.000000	0.328873	27.006666
8.518591	47.355725	0.304988	0.050679	0.992198	0.000000	0.304988	26.706741
8.518598	47.355724	0.309670	0.052146	0.991540	0.000000	0.309670	26.406817
8.518605	47.355724	0.294467	0.051718	0.990849	0.000000	0.294467	26.106896
8.518611	47.355724	0.314469	0.054160	0.990124	0.000000	0.314469	25.806976
8.518618	47.355724	0.304273	0.050514	0.989365	0.000000	0.304273	25.507058
8.518625	47.355724	0.321674	0.057833	0.988575	0.000000	0.321674	25.207142
8.518631	47.355724	0.321569	0.057775	0.987753	0.000000	0.321569	24.907228
8.518638	47.355724	0.309404	0.052048	0.986903	0.000000	0.309404	24.607316
8.518644	47.355724	0.303295	0.050319	0.986026	0.000000	0.303295	24.307406
8.518651	47.355724	0.314284	0.054076	0.985124	0.000000	0.314284	24.007499
8.518658	47.355724	0.300511	0.050009	0.984200	0.000000	0.300511	23.707594
8.518664	47.355724	0.302349	0.094199	0.983257	0.000000	0.302349	23.407691
8.518671	47.355724	0.310908	0.111716	0.982297	0.000000	0.310908	23.107791
8.518677	47.355724	0.306281	0.102522	0.981326	0.000000	0.306281	22.807893
8.518684	47.355724	0.294650	0.074837	0.980346	0.000000	0.294650	22.507999
8.518691	47.355724	0.297708	0.050215	0.979362	0.000000	0.297708	22.208107
8.518697	47.355724	0.355393	0.080299	0.978377	0.000000	0.355393	21.908218
8.518704	47.355724	0.311544	0.052882	0.977397	0.000000	0.311544	21.608332
8.518711	47.355723	0.291700	0.058534	0.976427	0.000000	0.291700	21.308449
8.518717	47.355723	0.291771	0.062025	0.975470	0.000000	0.291771	21.008570
8.518724	47.355723	0.291956	0.063683	0.974533	0.000000	0.291956	20.708694
8.518730	47.355723	0.293975	0.072647	0.973620	0.000000	0.293975	20.408822
8.518737	47.355723	0.291677	0.059059	0.972735	0.000000	0.291677	20.108953
8.518744	47.355723	0.291966	0.063760	0.971886	0.000000	0.291966	19.809089
8.518750	47.355723	0.292407	0.054789	0.971075	0.000000	0.292407	19.509229
8.518757	47.355723	0.292047	0.056012	0.970308	0.000000	0.292047	19.209373
8.518763	47.355723	0.292752	0.053971	0.969590	0.000000	0.292752	18.909521
8.518770	47.355723	0.303114	0.050288	0.968925	0.000000	0.303114	18.609675
8.518777	47.355718	0.415334	0.074256	0.971717	0.000000	0.415334	18.309833
8.518783	47.355718	0.300112	0.050000	0.971230	0.000000	0.300112	18.002500
8.518790	47.355718	0.299050	0.050034	0.970801	0.000000	0.299050	17.702542
8.518796	47.355718	0.292588	0.054332	0.970432	0.000000	0.292588	17.402586
8.518803	47.355718	0.302870	0.050247	0.970126	0.000000	0.302870	17.102631
8.518810	47.355718	0.298256	0.050119	0.969885	0.000000	0.298256	16.802678
8.518816	47.355718	0.300978	0.050032	0.969711	0.000000	0.300978	16.502727
8.518823	47.355718	0.294283	0.051879	0.969605	0.000000	0.294283	16.202778
8.518830	47.355718	0.298194	0.050129	0.969567	0.000000	0.298194	15.902830
8.518836	47.355718	0.300802	0.050021	0.969598	0.000000	0.300802	15.602884
8.518843	47.355718	0.298853	0.050049	0.969698	0.000000	0.298853	15.302941
8.518849	47.355718	0.295834	0.050834	0.969866	0.000000	0.295834	15.003000
8.518856	47.355718	0.292056	0.055974	0.970100	0.000000	0.292056	14.703061
8.518863	47.355718	0.298095	0.050144	0.970400	0.000000	0.298095	14.403125
8.518869	47.355717	0.303914	0.050438	0.970763	0.000000	0.303914	14.103191
8.518876	47.355717	0.307328	0.051337	0.971186	0.000000	0.307328	13.803260
8.518882	47.355717	0.296105	0.050710	0.971668	0.000000	0.296105	13.503333
8.518889	47.355717	0.297496	0.050260	0.972205	0.000000	0.297496	13.203409
8.518896	47.355717	0.297852	0.050186	0.972793	0.000000	0.297852	12.903488
8.518902	47.355717	0.300211	0.050002	0.973429	0.000000	0.300211	12.603571
8.518909	47.355717	0.297015	0.050385	0.974109	0.000000	0.297015	12.303658
8.518916	47.355717	0.299654	0.050004	0.974828	0.000000	0.299654	12.003749
8.518922	47.355717	0.299723	0.050003	0.975583	0.000000	0.299723	11.703846
8.518929	47.355717	0.297241	0.050322	0.976369	0.000000	0.297241	11.403947
8.518935	47.355717	0.302058	0.050132	0.977181	0.000000	0.302058	11.104053
8.518942	47.355717	0.303544	0.050365	0.978016	0.000000	0.303544	10.804166
8.518949	47.355717	0.296301	0.050629	0.978868	0.000000	0.296301	10.504285
8.518955	47.355717	0.302951	0.050260	0.979733	0.000000	0.302951	10.204411
8.518962	47.355717	0.301717	0.050094	0.980606	0.000000	0.301717	9.904544
8.518969	47.355717	0.295198	0.051185	0.981484	0.000000	0.295198	9.604686
8.518975	47.355716	0.304170	0.050492	0.982363	0.000000	0.304170	9.304837
8.518982	47.355716	0.315120	0.054464	0.983238	0.000000	0.315120	9.004999
8.518988	47.355716	0.309793	0.052192	0.984106	0.000000	0.309793	8.705171
8.518995	47.355716	0.302612	0.050207	0.984963	0.000000	0.302612	8.405355
8.519002	47.355716	0.300905	0.050027	0.985806	0.000000	0.300905	8.105554
8.519008	47.355716	0.295401	0.051063	0.986632	0.000000	0.295401	7.805767
8.519015	47.355716	0.297116	0.050356	0.987439	0.000000	0.297116	7.505998
8.519021	47.355716	0.306702	0.051145	0.988224	0.000000	0.306702	7.206247
8.519028	47.355716	0.294614	0.051597	0.988986	0.000000	0.294614	6.906519
8.519035	47.355716	0.294834	0.051430	0.989721	0.000000	0.294834	6.606815
8.519041	47.355716	0.297876	0.050182	0.990429	0.000000	0.297876	6.307139
8.519048	47.355716	0.303114	0.050288	0.991109	0.000000	0.303114	6.007495
8.519055	47.355716	0.298789	0.050055	0.991760	0.000000	0.298789	5.707889
8.519061	47.355716	0.293626	0.052579	0.992380	0.000000	0.293626	5.408327
8.519068	47.355716	0.300540	0.050010	0.992970	0.000000	0.300540	5.108816
8.519074	47.355716	0.293785	0.052390	0.993528	0.000000	0.293785	4.809366
8.519081	47.355715	0.293892	0.052270	0.994057	0.000000	0.293892	4.509989
8.519088	47.355715	0.297876	0.050182	0.994554	0.000000	0.297876	4.210701
8.519094	47.355715	0.298009	0.050158	0.995021	0.000000	0.298009	3.911521
8.519101	47.355715	0.298879	0.050047	0.995459	0.000000	0.298879	3.612478
8.519107	47.355715	0.295225	0.051168	0.995868	0.000000	0.295225	3.313608
8.519114	47.355715	0.299208	0.050023	0.996248	0.000000	0.299208	3.014963
8.519121	47.355715	0.296544	0.050537	0.996602	0.000000	0.296544	2.716616
8.519127	47.355715	0.291976	0.056336	0.996929	0.000000	0.291976	2.418677
8.519134	47.355715	0.300126	0.050001	0.997231	0.000000	0.300126	2.121320
8.519141	47.355715	0.297531	0.050252	0.997509	0.000000	0.297531	1.824829
8.519147	47.355715	0.306589	0.051112	0.997764	0.000000	0.306589	1.529706
8.519154	47.355715	0.294648	0.051570	0.997998	0.000000	0.294648	1.236932
8.519160	47.355715	0.298945	0.050042	0.998211	0.000000	0.298945	0.948683
8.519167	47.355715	0.300000	0.050000	0.998406	0.000000	0.300000	0.670820
8.519174	47.355710	0.425089	0.070727	0.998740	0.000000	0.425089	0.424264
0.000000	0.000000	45.011662	8.992654	140.341214	0.000000	45.011662	3050.486636
