LON		LAT		E_P		R_P		I_P		B_P		g_func		h_func
192.250000	205.750000	0.291841	0.062739	0.725927	0.000000	0.552292	35.463198
192.250000	206.250000	0.292448	0.066588	0.717094	0.000000	0.547235	35.451217
192.250000	206.750000	0.301686	0.050091	0.708178	0.000000	0.545581	35.439639
192.250000	207.250000	0.303830	0.050421	0.699191	0.000000	0.541046	35.428463
192.250000	207.750000	0.298318	0.050110	0.690144	0.000000	0.533414	35.417690
192.250000	208.250000	0.296024	0.050746	0.681052	0.000000	0.527041	35.407321
192.250000	208.750000	0.303511	0.050359	0.671930	0.000000	0.524562	35.397356
192.250000	209.250000	0.300890	0.050026	0.662797	0.000000	0.518034	35.387795
192.250000	209.750000	0.298919	0.050044	0.653673	0.000000	0.511771	35.378638
192.250000	210.250000	0.323552	0.058887	0.644578	0.000000	0.516168	35.369885
192.250000	210.750000	0.304239	0.050507	0.635534	0.000000	0.503016	35.361538
192.250000	211.250000	0.303163	0.050296	0.626566	0.000000	0.497205	35.353597
192.250000	211.750000	0.299450	0.050011	0.617698	0.000000	0.490399	35.346061
192.250000	212.250000	0.297756	0.050205	0.608959	0.000000	0.484478	35.338930
192.250000	212.750000	0.303147	0.050293	0.000000	0.000000	0.121259	35.332206
192.250000	213.250000	0.315970	0.054870	0.000000	0.000000	0.126388	35.325889
192.250000	213.750000	0.300382	0.050005	0.000000	0.000000	0.120153	35.319977
191.750000	214.250000	0.442612	0.075644	0.000000	0.000000	0.177045	35.314473
191.250000	214.750000	0.419505	0.071425	0.000000	0.000000	0.167802	35.189476
191.250000	215.250000	0.301702	0.050092	0.000000	0.000000	0.120681	35.064854
190.750000	215.750000	0.424859	0.070719	0.000000	0.000000	0.169944	35.060542
190.250000	216.250000	0.433211	0.072175	0.000000	0.000000	0.173285	34.936697
190.250000	216.750000	0.306514	0.051090	0.000000	0.000000	0.122606	34.813239
189.750000	217.250000	0.435068	0.072743	0.000000	0.000000	0.174027	34.810136
189.250000	217.750000	0.431345	0.071678	0.000000	0.000000	0.172538	34.687473
189.250000	218.250000	0.303081	0.050282	0.000000	0.000000	0.121233	34.565208
189.250000	218.750000	0.300239	0.050002	0.000000	0.000000	0.120096	34.563333
189.250000	219.250000	0.303628	0.050381	0.000000	0.000000	0.121451	34.561875
189.250000	219.750000	0.300758	0.050019	0.000000	0.000000	0.120303	34.560833
189.250000	220.250000	0.295401	0.051063	0.000000	0.000000	0.118160	34.560208
188.750000	220.750000	0.432989	0.072112	0.000000	0.000000	0.173196	34.560000
188.750000	221.250000	0.300526	0.050009	0.000000	0.000000	0.120210	34.440209
188.750000	221.750000	0.301038	0.050036	0.000000	0.000000	0.120415	34.440836
188.750000	222.250000	0.304102	0.050477	0.000000	0.000000	0.121641	34.441881
188.750000	222.750000	0.308340	0.051670	0.000000	0.000000	0.123336	34.443345
188.250000	223.250000	0.435868	0.073008	0.000000	0.000000	0.174347	34.445226
188.250000	223.750000	0.304654	0.050600	0.000000	0.000000	0.121862	34.327552
188.250000	224.250000	0.296914	0.050414	0.000000	0.000000	0.118766	34.330278
188.250000	224.750000	0.306254	0.051015	0.000000	0.000000	0.122502	34.333424
187.750000	225.250000	0.421291	0.070962	0.000000	0.000000	0.168516	34.336989
187.750000	225.750000	0.297472	0.050266	0.000000	0.000000	0.118989	34.221046
187.750000	226.250000	0.310041	0.052286	0.000000	0.000000	0.124017	34.225464
187.750000	226.750000	0.325795	0.060189	0.000000	0.000000	0.130318	34.230302
187.750000	227.250000	0.298071	0.050148	0.000000	0.000000	0.119228	34.235560
187.750000	227.750000	0.305923	0.050922	0.000000	0.000000	0.122369	34.241238
187.750000	228.250000	0.301732	0.050095	0.000000	0.000000	0.120693	34.247336
187.250000	228.750000	0.424166	0.070711	0.000000	0.000000	0.169667	34.253852
186.750000	229.250000	0.425571	0.070751	0.000000	0.000000	0.170229	34.141002
186.750000	229.750000	0.299490	0.050009	0.000000	0.000000	0.119796	34.028623
186.750000	230.250000	0.295448	0.051036	0.489633	0.000000	0.411959	34.036451
186.750000	230.750000	0.292506	0.054530	0.490252	0.000000	0.411154	34.044700
186.750000	231.250000	0.293921	0.052239	0.490978	0.000000	0.412155	34.053370
186.750000	231.750000	0.293943	0.052215	0.491793	0.000000	0.412653	34.062460
186.250000	232.250000	0.423986	0.070713	0.492870	0.000000	0.465317	34.071971
186.250000	232.750000	0.294939	0.051356	0.493478	0.000000	0.414062	33.962332
185.750000	233.250000	0.432622	0.072010	0.494668	0.000000	0.469849	33.972718
185.250000	233.750000	0.424208	0.070711	0.496263	0.000000	0.467441	33.864034
185.250000	234.250000	0.298853	0.050049	0.496399	0.000000	0.417381	33.755853
184.750000	234.750000	0.425557	0.070750	0.000000	0.000000	0.170223	33.767582
184.250000	235.250000	0.429668	0.071304	0.000000	0.000000	0.171867	33.660374
184.250000	235.750000	0.308459	0.051711	0.000000	0.000000	0.123383	33.553682
184.250000	236.250000	0.301964	0.050121	0.000000	0.000000	0.120786	33.566769
184.250000	236.750000	0.294099	0.052055	0.000000	0.000000	0.117640	33.580280
184.250000	237.250000	0.298673	0.050067	0.000000	0.000000	0.119469	33.594214
183.750000	237.750000	0.422763	0.070770	0.000000	0.000000	0.169105	33.608570
183.750000	238.250000	0.295280	0.051134	0.000000	0.000000	0.118112	33.504292
183.250000	238.750000	0.428149	0.071033	0.000000	0.000000	0.171260	33.519547
183.250000	239.250000	0.299805	0.050001	0.000000	0.000000	0.119922	33.416283
183.250000	239.750000	0.294426	0.051752	0.000000	0.000000	0.117770	33.432439
183.250000	240.250000	0.293422	0.052846	0.000000	0.000000	0.117369	33.449018
183.250000	240.750000	0.296003	0.050755	0.000000	0.000000	0.118401	33.466019
183.250000	241.250000	0.300282	0.050003	0.000000	0.000000	0.120113	33.483441
183.250000	241.750000	0.299986	0.050000	0.000000	0.000000	0.119994	33.501284
182.750000	242.250000	0.417998	0.072081	0.000000	0.000000	0.167199	33.519547
182.750000	242.750000	0.316449	0.055103	0.000000	0.000000	0.126579	33.419731
182.750000	243.250000	0.299930	0.050000	0.000000	0.000000	0.119972	33.438900
182.750000	243.750000	0.304221	0.050503	0.000000	0.000000	0.121689	33.458488
182.750000	244.250000	0.295983	0.050764	0.000000	0.000000	0.118393	33.478495
182.750000	244.750000	0.300905	0.050027	0.000000	0.000000	0.120362	33.498919
182.750000	245.250000	0.299315	0.050017	0.000000	0.000000	0.119726	33.519761
182.750000	245.750000	0.297936	0.050171	0.000000	0.000000	0.119175	33.541020
182.750000	246.250000	0.293863	0.052302	0.000000	0.000000	0.117545	33.562694
182.250000	246.750000	0.432494	0.071975	0.000000	0.000000	0.172998	33.584782
182.250000	247.250000	0.299382	0.050014	0.000000	0.000000	0.119753	33.489461
181.750000	247.750000	0.429973	0.071366	0.000000	0.000000	0.171989	33.512457
181.750000	248.250000	0.298132	0.050138	0.000000	0.000000	0.119253	33.418223
181.750000	248.750000	0.294723	0.051512	0.000000	0.000000	0.117889	33.442129
181.750000	249.250000	0.292162	0.055561	0.000000	0.000000	0.116865	33.466449
181.250000	249.750000	0.429365	0.071244	0.000000	0.000000	0.171746	33.491181
181.250000	250.250000	0.304050	0.050466	0.571867	0.000000	0.464740	33.399042
181.250000	250.750000	0.291668	0.060007	0.574933	0.000000	0.461627	33.424685
181.250000	251.250000	0.299302	0.050018	0.577865	0.000000	0.466440	33.450740
181.250000	251.750000	0.308419	0.051697	0.580637	0.000000	0.471750	33.477204
180.750000	252.250000	0.423616	0.070721	0.586069	0.000000	0.521088	33.504077
180.250000	252.750000	0.443625	0.076093	0.591301	0.000000	0.532231	33.414560
179.750000	253.250000	0.467156	0.089019	0.596240	0.000000	0.544606	33.325666
179.250000	253.750000	0.453432	0.080978	0.600801	0.000000	0.541854	33.237401
178.750000	254.250000	0.415132	0.074508	0.604914	0.000000	0.529001	33.149769
178.250000	254.750000	0.446407	0.077385	0.608525	0.000000	0.543678	33.062777
177.750000	255.250000	0.425191	0.070731	0.611597	0.000000	0.537035	32.976428
177.250000	255.750000	0.441244	0.075058	0.614110	0.000000	0.544963	32.890728
176.750000	256.250000	0.419451	0.071443	0.616059	0.000000	0.537416	32.805682
176.250000	256.750000	0.442881	0.075762	0.617458	0.000000	0.547627	32.721296
175.750000	257.250000	0.423657	0.070720	0.618334	0.000000	0.540463	32.637573
175.250000	257.750000	0.460430	0.084935	0.618729	0.000000	0.555410	32.554520
174.750000	258.250000	0.442701	0.075683	0.618698	0.000000	0.548300	32.472142
174.250000	258.750000	0.440142	0.074603	0.618307	0.000000	0.547041	32.390443
173.750000	259.250000	0.414043	0.076268	0.000000	0.000000	0.165617	32.309429
173.750000	259.750000	0.297003	0.050388	0.000000	0.000000	0.118801	32.229105
173.750000	260.250000	0.302837	0.050242	0.000000	0.000000	0.121135	32.264160
173.750000	260.750000	0.294565	0.051637	0.000000	0.000000	0.117826	32.299622
173.750000	261.250000	0.299805	0.050001	0.000000	0.000000	0.119922	32.335491
173.750000	261.750000	0.292247	0.055269	0.000000	0.000000	0.116899	32.371765
173.750000	262.250000	0.309485	0.052078	0.000000	0.000000	0.123794	32.408443
173.750000	262.750000	0.295658	0.050922	0.000000	0.000000	0.118263	32.445524
173.750000	263.250000	0.292697	0.054086	0.000000	0.000000	0.117079	32.483005
173.750000	263.750000	0.295983	0.050764	0.000000	0.000000	0.118393	32.520886
173.750000	264.250000	0.297936	0.050171	0.000000	0.000000	0.119175	32.559165
173.750000	264.750000	0.310187	0.052342	0.000000	0.000000	0.124075	32.597840
173.750000	265.250000	0.293674	0.052521	0.000000	0.000000	0.117470	32.636912
173.750000	265.750000	0.300112	0.050000	0.000000	0.000000	0.120045	32.676377
173.750000	266.250000	0.300656	0.050014	0.000000	0.000000	0.120262	32.716235
173.750000	266.750000	0.303999	0.050456	0.000000	0.000000	0.121600	32.756483
173.750000	267.250000	0.300396	0.050005	0.000000	0.000000	0.120159	32.797122
173.250000	267.750000	0.425410	0.070742	0.000000	0.000000	0.170164	32.838149
172.750000	268.250000	0.421122	0.070994	0.000000	0.000000	0.168449	32.767032
172.250000	268.750000	0.428181	0.071038	0.000000	0.000000	0.171273	32.696642
171.750000	269.250000	0.436863	0.073354	0.000000	0.000000	0.174745	32.626983
171.750000	269.750000	0.297484	0.050263	0.000000	0.000000	0.118994	32.558059
171.250000	270.250000	0.426395	0.070814	0.000000	0.000000	0.170558	32.601595
171.250000	270.750000	0.299736	0.050002	0.000000	0.000000	0.119895	32.533945
171.250000	271.250000	0.299558	0.050007	0.544714	0.000000	0.446651	32.578398
171.250000	271.750000	0.305850	0.050902	0.543667	0.000000	0.448540	32.623231
170.750000	272.250000	0.439208	0.074231	0.542826	0.000000	0.501379	32.668443
170.250000	272.750000	0.422247	0.070821	0.542296	0.000000	0.494276	32.603141
169.750000	273.250000	0.425972	0.070778	0.542076	0.000000	0.495635	32.538592
169.750000	273.750000	0.303611	0.050378	0.541107	0.000000	0.446109	32.474803
169.250000	274.250000	0.418094	0.072030	0.541098	0.000000	0.491897	32.521993
169.250000	274.750000	0.308518	0.051732	0.540226	0.000000	0.447543	32.459501
168.750000	275.250000	0.435888	0.073015	0.540377	0.000000	0.498582	32.507599
168.250000	275.750000	0.445025	0.076733	0.000000	0.000000	0.178010	32.446411
168.250000	276.250000	0.306421	0.051063	0.000000	0.000000	0.122568	32.385997
168.250000	276.750000	0.301825	0.050105	0.000000	0.000000	0.120730	32.435536
168.250000	277.250000	0.300612	0.050013	0.000000	0.000000	0.120245	32.485443
168.250000	277.750000	0.297804	0.050196	0.000000	0.000000	0.119121	32.535716
168.250000	278.250000	0.300028	0.050000	0.000000	0.000000	0.120011	32.586353
167.750000	278.750000	0.436423	0.073199	0.000000	0.000000	0.174569	32.637353
167.750000	279.250000	0.298343	0.050107	0.000000	0.000000	0.119337	32.580387
167.750000	279.750000	0.300729	0.050018	0.000000	0.000000	0.120291	32.632278
167.750000	280.250000	0.301964	0.050121	0.000000	0.000000	0.120786	32.684528
167.750000	280.750000	0.295252	0.051151	0.000000	0.000000	0.118101	32.737135
167.250000	281.250000	0.424180	0.070711	0.000000	0.000000	0.169672	32.790096
167.250000	281.750000	0.298406	0.050099	0.000000	0.000000	0.119362	32.736035
166.750000	282.250000	0.428702	0.071124	0.000000	0.000000	0.171481	32.789876
166.750000	282.750000	0.301887	0.050112	0.000000	0.000000	0.120755	32.737135
166.250000	283.250000	0.430471	0.071474	0.000000	0.000000	0.172188	32.791853
165.750000	283.750000	0.422999	0.070753	0.000000	0.000000	0.169200	32.740434
165.250000	284.250000	0.426334	0.070808	0.000000	0.000000	0.170534	32.689815
165.250000	284.750000	0.295581	0.050963	0.000000	0.000000	0.118232	32.640000
165.250000	285.250000	0.296364	0.050604	0.000000	0.000000	0.118545	32.696642
164.750000	285.750000	0.421682	0.070897	0.000000	0.000000	0.168673	32.753626
164.750000	286.250000	0.296992	0.050391	0.000000	0.000000	0.118797	32.705669
164.250000	286.750000	0.424194	0.070711	0.518493	0.000000	0.480774	32.763516
163.750000	287.250000	0.424475	0.070712	0.515435	0.000000	0.479051	32.716895
163.250000	287.750000	0.435126	0.072762	0.512134	0.000000	0.481331	32.671088
162.750000	288.250000	0.447241	0.077788	0.508552	0.000000	0.484027	32.626100
162.250000	288.750000	0.445537	0.076972	0.504649	0.000000	0.481004	32.581934
161.750000	289.250000	0.430644	0.071513	0.500388	0.000000	0.472490	32.538592
161.750000	289.750000	0.298368	0.050104	0.000000	0.000000	0.119347	32.496080
161.750000	290.250000	0.311479	0.052855	0.000000	0.000000	0.124592	32.557395
161.750000	290.750000	0.299142	0.050027	0.000000	0.000000	0.119657	32.619037
161.750000	291.250000	0.306347	0.051041	0.000000	0.000000	0.122539	32.681004
161.250000	291.750000	0.441004	0.074958	0.000000	0.000000	0.176402	32.743292
161.250000	292.250000	0.308182	0.051617	0.000000	0.000000	0.123273	32.703688
160.750000	292.750000	0.434817	0.072662	0.000000	0.000000	0.173927	32.766812
160.750000	293.250000	0.297542	0.050250	0.000000	0.000000	0.119017	32.728556
160.250000	293.750000	0.436924	0.073375	0.000000	0.000000	0.174769	32.792511
159.750000	294.250000	0.433211	0.072175	0.000000	0.000000	0.173285	32.755604
159.250000	294.750000	0.420247	0.071197	0.000000	0.000000	0.168099	32.719535
158.750000	295.250000	0.418318	0.071916	0.000000	0.000000	0.167327	32.684308
158.250000	295.750000	0.422272	0.070818	0.403951	0.000000	0.411279	32.649925
157.750000	296.250000	0.437166	0.073462	0.393086	0.000000	0.410718	32.616389
157.750000	296.750000	0.297060	0.050372	0.000000	0.000000	0.118824	32.583701
157.250000	297.250000	0.434415	0.072535	0.000000	0.000000	0.173766	32.651028
157.250000	297.750000	0.306589	0.051112	0.000000	0.000000	0.122636	32.619700
156.750000	298.250000	0.422170	0.070830	0.000000	0.000000	0.168868	32.687833
156.750000	298.750000	0.308858	0.051851	0.000000	0.000000	0.123543	32.657863
156.750000	299.250000	0.300729	0.050018	0.000000	0.000000	0.120291	32.726796
156.250000	299.750000	0.423534	0.070724	0.000000	0.000000	0.169414	32.796024
155.750000	300.250000	0.427463	0.070935	0.000000	0.000000	0.170985	32.767911
155.250000	300.750000	0.430281	0.071432	0.000000	0.000000	0.172113	32.740654
155.250000	301.250000	0.302372	0.050173	0.000000	0.000000	0.120949	32.714254
155.250000	301.750000	0.292138	0.055647	0.000000	0.000000	0.116855	32.785265
155.250000	302.250000	0.297356	0.050293	0.000000	0.000000	0.118942	32.856561
154.750000	302.750000	0.421731	0.070889	0.000000	0.000000	0.168693	32.928140
154.250000	303.250000	0.420615	0.071104	0.000000	0.000000	0.168246	32.904079
153.750000	303.750000	0.435908	0.073022	0.000000	0.000000	0.174363	32.880876
153.250000	304.250000	0.426932	0.070869	0.000000	0.000000	0.170773	32.858533
152.750000	304.750000	0.436224	0.073130	0.000000	0.000000	0.174490	32.837052
152.250000	305.250000	0.449529	0.078928	0.000000	0.000000	0.179811	32.816435
151.750000	305.750000	0.445234	0.076830	0.000000	0.000000	0.178093	32.796683
151.250000	306.250000	0.433304	0.072202	0.000000	0.000000	0.173322	32.777797
150.750000	306.750000	0.422477	0.070796	0.000000	0.000000	0.168991	32.759780
150.250000	306.750000	0.358432	0.082577	0.000000	0.000000	0.143373	32.742633
149.750000	306.750000	0.334970	0.065918	0.000000	0.000000	0.133988	32.649925
149.250000	306.750000	0.346113	0.073541	0.000000	0.000000	0.138445	32.557395
148.750000	306.750000	0.320548	0.057218	0.000000	0.000000	0.128219	32.465046
148.250000	306.750000	0.300497	0.050008	0.000000	0.000000	0.120199	32.372878
147.750000	306.750000	0.291696	0.058610	0.000000	0.000000	0.116678	32.280892
147.250000	306.750000	0.297840	0.050189	0.000000	0.000000	0.119136	32.189091
146.750000	306.750000	0.300875	0.050025	0.000000	0.000000	0.120350	32.097477
146.250000	306.750000	0.333063	0.064680	0.000000	0.000000	0.133225	32.006049
145.750000	306.750000	0.358315	0.082489	0.000000	0.000000	0.143326	31.914812
145.250000	306.750000	0.325486	0.060007	0.000000	0.000000	0.130195	31.823765
144.750000	306.750000	0.342365	0.070910	0.000000	0.000000	0.136946	31.732910
144.250000	306.750000	0.352272	0.077991	0.000000	0.000000	0.140909	31.642250
143.750000	306.750000	0.370285	0.091720	0.000000	0.000000	0.148114	31.551786
143.250000	306.750000	0.360193	0.083911	0.000000	0.000000	0.144077	31.461519
142.750000	306.750000	0.481342	0.188243	0.000000	0.000000	0.192537	31.371452
142.250000	306.750000	0.360983	0.084512	0.000000	0.000000	0.144393	31.281586
141.750000	306.750000	0.291968	0.056376	0.000000	0.000000	0.116787	31.191922
141.250000	306.750000	0.338187	0.068055	0.000000	0.000000	0.135275	31.102463
140.750000	306.750000	0.297298	0.050308	0.000000	0.000000	0.118919	31.013210
140.250000	306.750000	0.336116	0.066672	0.000000	0.000000	0.134446	30.924165
139.750000	306.750000	0.346396	0.073742	0.000000	0.000000	0.138558	30.835330
139.250000	306.750000	0.329196	0.062243	0.000000	0.000000	0.131678	30.746707
138.750000	306.750000	0.320965	0.057444	0.000000	0.000000	0.128386	30.658297
138.250000	306.750000	0.332324	0.064206	0.000000	0.000000	0.132930	30.570103
137.750000	306.750000	0.312372	0.053228	0.000000	0.000000	0.124949	30.482126
137.250000	306.750000	0.334560	0.065650	0.000000	0.000000	0.133824	30.394368
136.750000	306.750000	0.329610	0.062499	0.000000	0.000000	0.131844	30.306831
136.250000	306.750000	0.311050	0.052681	0.000000	0.000000	0.124420	30.219517
135.750000	306.750000	0.315827	0.054801	0.000000	0.000000	0.126331	30.132428
135.250000	306.750000	0.335478	0.066251	0.000000	0.000000	0.134191	30.045565
134.750000	306.750000	0.355165	0.080129	0.000000	0.000000	0.142066	29.958932
134.250000	306.750000	0.322580	0.058337	0.000000	0.000000	0.129032	29.872529
133.750000	306.750000	0.328229	0.061649	0.000000	0.000000	0.131292	29.786359
133.250000	306.750000	0.376223	0.096433	0.000000	0.000000	0.150489	29.700424
132.750000	306.750000	0.335034	0.065960	0.000000	0.000000	0.134013	29.614726
132.250000	306.750000	0.404064	0.119441	0.000000	0.000000	0.161626	29.529267
131.750000	306.750000	0.369531	0.091127	0.000000	0.000000	0.147812	29.444049
131.250000	306.750000	0.363498	0.086438	0.000000	0.000000	0.145399	29.359074
130.750000	306.750000	0.386257	0.104567	0.000000	0.000000	0.154503	29.274344
130.250000	306.750000	0.362575	0.085729	0.000000	0.000000	0.145030	29.189861
129.750000	307.250000	0.518341	0.125549	0.224977	0.000000	0.342322	29.105628
129.250000	307.750000	0.480821	0.097972	0.227908	0.000000	0.329073	29.107607
128.750000	308.250000	0.510202	0.119285	0.000000	0.000000	0.204081	29.110575
128.250000	308.250000	0.362056	0.085331	0.000000	0.000000	0.144822	29.114532
127.750000	308.250000	0.366178	0.088509	0.000000	0.000000	0.146471	29.032065
127.250000	308.750000	0.509334	0.118625	0.000000	0.000000	0.203734	28.949860
126.750000	308.750000	0.384708	0.103299	0.000000	0.000000	0.153883	28.955828
126.250000	308.750000	0.399701	0.115751	0.000000	0.000000	0.159880	28.874404
125.750000	308.750000	0.353879	0.079175	0.000000	0.000000	0.141552	28.793249
125.250000	308.750000	0.358315	0.082489	0.000000	0.000000	0.143326	28.712367
124.750000	308.750000	0.364144	0.086935	0.000000	0.000000	0.145657	28.631759
124.250000	308.750000	0.397236	0.113679	0.000000	0.000000	0.158894	28.551427
123.750000	308.750000	0.371888	0.092984	0.000000	0.000000	0.148755	28.471375
123.250000	308.750000	0.371380	0.092583	0.000000	0.000000	0.148552	28.391604
122.750000	309.250000	0.519493	0.126446	0.000000	0.000000	0.207797	28.312118
122.250000	309.250000	0.416004	0.129675	0.000000	0.000000	0.166402	28.323305
121.750000	309.750000	0.521024	0.127642	0.000000	0.000000	0.208410	28.244646
121.250000	310.250000	0.570551	0.168168	0.000000	0.000000	0.228221	28.257388
120.750000	310.750000	0.588806	0.183809	0.000000	0.000000	0.235522	28.271144
120.250000	310.750000	0.633422	0.333916	0.000000	0.000000	0.253369	28.285912
119.750000	310.750000	0.474162	0.181640	0.000000	0.000000	0.189665	28.209190
119.250000	310.750000	0.409209	0.123828	0.000000	0.000000	0.163684	28.132771
118.750000	310.750000	0.393090	0.110214	0.000000	0.000000	0.157236	28.056657
118.250000	310.750000	0.368988	0.090701	0.000000	0.000000	0.147595	27.980851
117.750000	310.250000	0.466530	0.088629	0.310439	0.000000	0.372876	27.905354
117.250000	309.750000	0.489081	0.103722	0.310591	0.000000	0.381987	27.736618
116.750000	309.250000	0.412716	0.080838	0.311835	0.000000	0.352187	27.567894
116.250000	308.750000	0.424489	0.070712	0.314017	0.000000	0.358206	27.399182
115.750000	308.250000	0.428933	0.071164	0.316971	0.000000	0.361756	27.230483
115.250000	308.250000	0.355203	0.080157	0.317940	0.000000	0.332845	27.061796
114.750000	307.750000	0.449331	0.078827	0.321082	0.000000	0.372382	26.986930
114.250000	307.750000	0.369363	0.090996	0.321338	0.000000	0.340548	26.818322
113.750000	307.250000	0.419570	0.071402	0.324369	0.000000	0.362449	26.743852
113.250000	306.750000	0.422361	0.070808	0.327558	0.000000	0.365479	26.575327
112.750000	306.250000	0.459871	0.084607	0.330755	0.000000	0.382401	26.406817
112.250000	305.750000	0.447385	0.077858	0.333820	0.000000	0.379246	26.238323
111.750000	305.250000	0.460627	0.085051	0.336632	0.000000	0.386230	26.069845
111.250000	304.750000	0.473773	0.093257	0.339085	0.000000	0.392960	25.901382
110.750000	304.250000	0.458293	0.083692	0.341095	0.000000	0.387975	25.732936
110.250000	303.750000	0.432549	0.071990	0.342602	0.000000	0.378581	25.564507
109.750000	303.250000	0.470619	0.091212	0.343570	0.000000	0.394389	25.396094
109.250000	302.750000	0.486982	0.102240	0.343988	0.000000	0.401185	25.227699
108.750000	302.250000	0.443489	0.076032	0.343872	0.000000	0.383719	25.059322
108.250000	301.750000	0.470804	0.091331	0.343263	0.000000	0.394279	24.890962
107.750000	301.250000	0.451153	0.079765	0.342226	0.000000	0.385797	24.722621
107.250000	300.750000	0.442903	0.075772	0.340850	0.000000	0.381671	24.554299
106.750000	300.250000	0.417594	0.072311	0.339242	0.000000	0.370583	24.385996
106.250000	299.750000	0.420179	0.071216	0.337526	0.000000	0.370587	24.217713
105.750000	299.250000	0.432041	0.071854	0.335842	0.000000	0.374322	24.049449
105.250000	298.750000	0.416824	0.072832	0.334337	0.000000	0.367332	23.881206
104.750000	298.250000	0.441506	0.075169	0.333163	0.000000	0.376500	23.712984
104.250000	297.750000	0.418872	0.071665	0.332474	0.000000	0.367033	23.544783
103.750000	297.250000	0.418046	0.072055	0.332418	0.000000	0.366669	23.376604
103.250000	296.750000	0.436583	0.073254	0.333135	0.000000	0.374514	23.208447
102.750000	296.250000	0.440896	0.074913	0.000000	0.000000	0.176358	23.040312
102.250000	296.250000	0.461442	0.170028	0.000000	0.000000	0.184577	22.872201
101.750000	296.250000	0.393137	0.110254	0.000000	0.000000	0.157255	22.800000
101.250000	296.250000	0.424294	0.136883	0.000000	0.000000	0.169718	22.728203
100.750000	296.250000	0.450483	0.160122	0.000000	0.000000	0.180193	22.656814
100.250000	296.250000	0.551476	0.254262	0.000000	0.000000	0.220590	22.585836
99.750000	296.250000	0.529375	0.233198	0.000000	0.000000	0.211750	22.515275
99.250000	296.250000	0.492161	0.198256	0.000000	0.000000	0.196864	22.445133
98.750000	296.250000	0.433090	0.144614	0.000000	0.000000	0.173236	22.375415
98.250000	296.250000	0.519728	0.224073	0.000000	0.000000	0.207891	22.306125
97.750000	296.250000	0.510169	0.215075	0.000000	0.000000	0.204068	22.237266
97.250000	296.250000	0.425788	0.138190	0.000000	0.000000	0.170315	22.168843
96.750000	296.250000	0.484631	0.191280	0.000000	0.000000	0.193852	22.100860
96.250000	296.250000	0.495523	0.201383	0.000000	0.000000	0.198209	22.033320
95.750000	296.250000	0.562720	0.265056	0.000000	0.000000	0.225088	21.966229
95.250000	296.250000	0.474101	0.181584	0.000000	0.000000	0.189641	21.899589
94.750000	296.250000	0.505092	0.210315	0.000000	0.000000	0.202037	21.833406
94.250000	296.250000	0.568263	0.270394	0.351145	0.000000	0.437992	21.767682
93.750000	296.250000	0.473675	0.181193	0.353946	0.000000	0.401838	21.702424
93.250000	296.250000	0.402880	0.118437	0.356522	0.000000	0.375065	21.637634
92.750000	296.250000	0.399604	0.115669	0.358806	0.000000	0.375125	21.573317
92.250000	296.250000	0.461324	0.169921	0.360734	0.000000	0.400970	21.509477
91.750000	296.250000	0.387588	0.105661	0.362246	0.000000	0.372383	21.446119
91.250000	296.250000	0.445742	0.155868	0.363287	0.000000	0.396269	21.383246
90.750000	296.250000	0.375659	0.095982	0.363809	0.000000	0.368549	21.320863
90.250000	296.250000	0.360548	0.084181	0.363770	0.000000	0.362481	21.258975
89.750000	295.750000	0.588392	0.183451	0.366087	0.000000	0.455009	21.197585
89.250000	295.250000	0.518218	0.125453	0.367744	0.000000	0.427933	21.033231
88.750000	294.750000	0.554274	0.154504	0.368660	0.000000	0.442906	20.868963
88.250000	294.250000	0.486012	0.101560	0.368759	0.000000	0.415661	20.704782
87.750000	293.750000	0.504242	0.114785	0.367981	0.000000	0.422486	20.540691
87.250000	293.250000	0.444955	0.076700	0.366279	0.000000	0.397750	20.376693
86.750000	292.750000	0.462214	0.085994	0.363623	0.000000	0.403060	20.212788
86.250000	292.250000	0.429516	0.071274	0.360000	0.000000	0.387807	20.048980
85.750000	291.750000	0.443489	0.076032	0.355418	0.000000	0.390646	19.885271
85.250000	291.250000	0.442434	0.075567	0.349900	0.000000	0.386914	19.721663
84.750000	290.750000	0.448815	0.078567	0.343492	0.000000	0.385621	19.558159
84.250000	290.250000	0.427908	0.070997	0.336257	0.000000	0.372918	19.394762
83.750000	289.750000	0.425734	0.070761	0.328279	0.000000	0.367261	19.231474
83.250000	289.250000	0.430093	0.071392	0.319657	0.000000	0.363832	19.068298
82.750000	288.750000	0.427733	0.070971	0.310509	0.000000	0.357398	18.905237
82.250000	288.250000	0.450199	0.079271	0.300963	0.000000	0.360658	18.742294
81.750000	287.750000	0.433286	0.072196	0.291164	0.000000	0.348013	18.579473
81.250000	287.250000	0.449876	0.079105	0.281263	0.000000	0.348708	18.416775
80.750000	286.750000	0.430316	0.071440	0.000000	0.000000	0.172126	18.254205
80.250000	286.250000	0.448619	0.078469	0.000000	0.000000	0.179448	18.091766
79.750000	285.750000	0.438290	0.073877	0.000000	0.000000	0.175316	17.929462
79.250000	285.250000	0.467156	0.089019	0.000000	0.000000	0.186863	17.767296
78.750000	284.750000	0.442612	0.075644	0.000000	0.000000	0.177045	17.605272
78.250000	284.250000	0.449504	0.078915	0.000000	0.000000	0.179802	17.443394
77.750000	283.750000	0.423698	0.070719	0.000000	0.000000	0.169479	17.281667
77.250000	283.250000	0.420258	0.071194	0.000000	0.000000	0.168103	17.120093
76.750000	282.750000	0.413240	0.078359	0.000000	0.000000	0.165296	16.958679
76.250000	282.250000	0.414911	0.074805	0.000000	0.000000	0.165964	16.797428
75.750000	281.750000	0.424744	0.070716	0.000000	0.000000	0.169898	16.636346
75.250000	281.250000	0.421050	0.071008	0.000000	0.000000	0.168420	16.475436
74.750000	280.750000	0.426395	0.070814	0.000000	0.000000	0.170558	16.314705
74.250000	280.250000	0.424320	0.070711	0.000000	0.000000	0.169728	16.154157
73.750000	279.750000	0.419701	0.071359	0.000000	0.000000	0.167880	15.993799
73.250000	279.250000	0.426364	0.070811	0.000000	0.000000	0.170546	15.833635
72.750000	278.750000	0.419483	0.071432	0.000000	0.000000	0.167793	15.673672
72.250000	278.250000	0.417421	0.072419	0.000000	0.000000	0.166968	15.513916
71.750000	277.750000	0.414640	0.075206	0.000000	0.000000	0.165856	15.354374
71.250000	277.250000	0.420134	0.071228	0.000000	0.000000	0.168054	15.195052
70.750000	276.750000	0.422828	0.070765	0.000000	0.000000	0.169131	15.035957
70.250000	276.250000	0.420078	0.071244	0.000000	0.000000	0.168031	14.877096
69.750000	275.750000	0.422723	0.070774	0.000000	0.000000	0.169089	14.718478
69.250000	275.250000	0.437837	0.073708	0.000000	0.000000	0.175135	14.560110
68.750000	274.750000	0.446858	0.077602	0.000000	0.000000	0.178743	14.402000
68.750000	274.250000	0.309261	0.051996	0.000000	0.000000	0.123705	14.244157
68.250000	273.750000	0.477234	0.095549	0.339719	0.000000	0.394725	14.134044
67.750000	273.250000	0.500330	0.111874	0.348573	0.000000	0.409275	13.976266
67.250000	272.750000	0.519410	0.126382	0.356458	0.000000	0.421639	13.818770
66.750000	272.250000	0.526613	0.132041	0.363193	0.000000	0.428561	13.661567
66.250000	271.750000	0.521482	0.128000	0.368612	0.000000	0.429760	13.504666
65.750000	271.250000	0.567213	0.165342	0.372575	0.000000	0.450430	13.348079
65.250000	270.750000	0.505397	0.115650	0.374964	0.000000	0.427137	13.191816
64.750000	270.250000	0.482902	0.099400	0.375687	0.000000	0.418573	13.035889
64.250000	269.750000	0.468450	0.089832	0.374683	0.000000	0.412190	12.880311
63.750000	269.250000	0.504012	0.114612	0.371923	0.000000	0.424759	12.725093
63.250000	268.750000	0.506131	0.116203	0.367407	0.000000	0.422897	12.570251
62.750000	268.250000	0.514798	0.122807	0.361168	0.000000	0.422620	12.415796
62.250000	267.750000	0.519782	0.126671	0.353267	0.000000	0.419873	12.261745
61.750000	267.250000	0.531204	0.135693	0.343797	0.000000	0.418760	12.108113
61.250000	266.750000	0.535438	0.139090	0.332878	0.000000	0.413902	11.954915
60.750000	266.250000	0.536585	0.140014	0.320655	0.000000	0.407027	11.802169
60.250000	265.750000	0.530556	0.135175	0.307295	0.000000	0.396599	11.649893
59.750000	265.250000	0.512068	0.120710	0.000000	0.000000	0.204827	11.498104
59.250000	264.750000	0.479957	0.097384	0.000000	0.000000	0.191983	11.346823
59.250000	264.250000	0.304239	0.050507	0.000000	0.000000	0.121695	11.196071
58.750000	263.750000	0.496388	0.108979	0.000000	0.000000	0.198555	11.081661
58.250000	263.250000	0.510044	0.119165	0.000000	0.000000	0.204018	10.931203
58.250000	262.750000	0.312992	0.053497	0.000000	0.000000	0.125197	10.781317
58.250000	262.250000	0.302042	0.050130	0.000000	0.000000	0.120817	10.666508
58.250000	261.750000	0.322929	0.058534	0.000000	0.000000	0.129172	10.551815
58.250000	261.250000	0.296587	0.050522	0.000000	0.000000	0.118635	10.437241
58.250000	260.750000	0.302073	0.050134	0.000000	0.000000	0.120829	10.322790
57.750000	260.250000	0.561591	0.160611	0.000000	0.000000	0.224637	10.208467
57.250000	259.750000	0.520071	0.126897	0.000000	0.000000	0.208028	10.057833
56.750000	259.250000	0.451330	0.079858	0.000000	0.000000	0.180532	9.907815
56.250000	258.750000	0.509334	0.118625	0.000000	0.000000	0.203734	9.758442
55.750000	258.250000	0.471423	0.091730	0.000000	0.000000	0.188569	9.609745
55.250000	257.750000	0.534560	0.138383	0.000000	0.000000	0.213824	9.461755
54.750000	257.250000	0.426168	0.070794	0.000000	0.000000	0.170467	9.314505
54.250000	256.750000	0.440399	0.074708	0.000000	0.000000	0.176160	9.168031
53.750000	256.250000	0.430958	0.071585	0.000000	0.000000	0.172383	9.022372
53.250000	255.750000	0.428702	0.071124	0.000000	0.000000	0.171481	8.877567
52.750000	255.250000	0.413776	0.076852	0.000000	0.000000	0.165510	8.733659
52.250000	254.750000	0.468511	0.089870	0.000000	0.000000	0.187404	8.590693
51.750000	254.250000	0.437166	0.073462	0.000000	0.000000	0.174866	8.448716
51.250000	253.750000	0.484057	0.100198	0.000000	0.000000	0.193623	8.307779
50.750000	253.250000	0.486358	0.101802	0.000000	0.000000	0.194543	8.167937
50.250000	252.750000	0.476813	0.095267	0.000000	0.000000	0.190725	8.029247
49.750000	252.250000	0.552961	0.153415	0.000000	0.000000	0.221185	7.891768
49.250000	251.750000	0.507687	0.117377	0.000000	0.000000	0.203075	7.755566
48.750000	251.250000	0.502371	0.113388	0.000000	0.000000	0.200948	7.620709
48.250000	250.750000	0.572630	0.169933	0.000000	0.000000	0.229052	7.487269
47.750000	250.250000	0.475268	0.094241	0.000000	0.000000	0.190107	7.355325
47.250000	249.750000	0.491350	0.105338	0.000000	0.000000	0.196540	7.224957
47.250000	249.250000	0.313329	0.053645	0.000000	0.000000	0.125331	7.096253
46.750000	248.750000	0.504818	0.115217	0.000000	0.000000	0.201927	6.976532
46.750000	248.250000	0.346078	0.073516	0.000000	0.000000	0.138431	6.849467
46.250000	247.750000	0.481355	0.098337	0.000000	0.000000	0.192542	6.729636
45.750000	247.250000	0.434606	0.072595	0.000000	0.000000	0.173842	6.604362
45.750000	246.750000	0.335796	0.066461	0.000000	0.000000	0.134318	6.481111
45.750000	246.250000	0.321463	0.057717	0.000000	0.000000	0.128585	6.361132
45.750000	245.750000	0.337340	0.067486	0.000000	0.000000	0.134936	6.241154
45.250000	245.250000	0.507375	0.117141	0.000000	0.000000	0.202950	6.121176
45.250000	244.750000	0.348323	0.075121	0.000000	0.000000	0.139329	6.000000
45.250000	244.250000	0.317666	0.055709	0.000000	0.000000	0.127066	5.880000
44.750000	243.750000	0.495361	0.108231	0.000000	0.000000	0.198145	5.760000
44.750000	243.250000	0.358783	0.082842	0.000000	0.000000	0.143513	5.641276
44.250000	242.750000	0.445280	0.076852	0.000000	0.000000	0.178112	5.521304
44.250000	242.250000	0.297590	0.050239	0.000000	0.000000	0.119036	5.405331
43.750000	241.750000	0.495874	0.108604	0.000000	0.000000	0.198350	5.285452
43.250000	241.250000	0.484296	0.100364	0.000000	0.000000	0.193718	5.172543
42.750000	240.750000	0.523110	0.129277	0.000000	0.000000	0.209244	5.062806
42.750000	240.250000	0.360667	0.084271	0.000000	0.000000	0.144267	4.956450
42.250000	239.750000	0.435457	0.072870	0.000000	0.000000	0.174183	4.837355
42.250000	239.250000	0.324512	0.059439	0.000000	0.000000	0.129805	4.735061
42.250000	238.750000	0.317175	0.055463	0.000000	0.000000	0.126870	4.616492
42.250000	238.250000	0.368032	0.089953	0.000000	0.000000	0.147213	4.498000
41.750000	237.750000	0.480122	0.097497	0.000000	0.000000	0.192049	4.379589
41.250000	237.250000	0.490353	0.104626	0.000000	0.000000	0.196141	4.283176
41.250000	236.750000	0.322875	0.058503	0.000000	0.000000	0.129150	4.191420
40.750000	236.250000	0.460543	0.085001	0.000000	0.000000	0.184217	4.074702
40.250000	235.750000	0.504549	0.115015	0.000000	0.000000	0.201820	3.988985
39.750000	235.250000	0.505242	0.115535	0.000000	0.000000	0.202097	3.908759
39.750000	234.750000	0.307213	0.051301	0.000000	0.000000	0.122885	3.834371
39.750000	234.250000	0.338482	0.068253	0.000000	0.000000	0.135393	3.721935
39.750000	233.750000	0.315260	0.054530	0.000000	0.000000	0.126104	3.609986
39.750000	233.250000	0.327563	0.061245	0.000000	0.000000	0.131025	3.498571
39.750000	232.750000	0.345409	0.073043	0.000000	0.000000	0.138164	3.387743
39.250000	232.250000	0.477853	0.095964	0.000000	0.000000	0.191141	3.277560
39.250000	231.750000	0.337146	0.067357	0.000000	0.000000	0.134858	3.219938
39.250000	231.250000	0.339207	0.068743	0.000000	0.000000	0.135683	3.113069
38.750000	230.750000	0.507883	0.117525	0.000000	0.000000	0.203153	3.007191
38.750000	230.250000	0.398780	0.114975	0.000000	0.000000	0.159512	2.963781
38.250000	229.750000	0.510241	0.119315	0.000000	0.000000	0.204097	2.862447
37.750000	229.250000	0.491529	0.105466	0.000000	0.000000	0.196612	2.832102
38.250000	228.750000	0.419530	0.113955	0.365056	0.000000	0.386845	2.811690
38.750000	228.250000	0.433000	0.144688	0.394489	0.000000	0.409894	2.642726
39.250000	227.750000	0.522826	0.297343	0.424972	0.000000	0.464114	2.473863
39.750000	227.250000	0.536656	0.318595	0.456217	0.000000	0.488392	2.305125
40.250000	226.750000	0.578343	0.381130	0.487937	0.000000	0.524099	2.136539
40.750000	226.250000	0.473801	0.218728	0.519857	0.000000	0.501435	1.968146
40.750000	225.750000	0.309495	0.108963	0.541502	0.000000	0.448699	1.800000
41.250000	225.250000	0.685965	0.535995	0.572955	0.000000	0.618159	1.705520
41.750000	224.750000	0.685573	0.535443	0.603961	0.000000	0.636606	1.536750
41.750000	224.250000	0.322275	0.132697	0.624382	0.000000	0.503539	1.368211
41.750000	223.750000	0.323412	0.134709	0.644457	0.000000	0.516039	1.275617
42.250000	223.250000	0.659373	0.498367	0.673288	0.000000	0.667722	1.187939
42.750000	222.750000	0.539888	0.323520	0.701086	0.000000	0.636607	1.018234
43.250000	222.250000	0.517707	0.289396	0.727712	0.000000	0.643710	0.848528
43.750000	221.750000	0.484109	0.235823	0.753052	0.000000	0.645475	0.678823
44.250000	221.250000	0.475468	0.221521	0.777020	0.000000	0.656399	0.509117
44.750000	220.750000	0.482469	0.233128	0.799550	0.000000	0.672717	0.339411
45.250000	220.250000	0.509153	0.276005	0.820602	0.000000	0.696022	0.169706
0.000000	0.000000	189.827715	42.139823	70.031345	0.000000	117.949893	11597.618924
